0 0.199274
0.0078125 0.213418
0.015625 0.289937
0.0234375 0.315507
0.03125 0.442944
0.0390625 0.444516
0.046875 0.514891
0.0546875 0.515535
0.0625 0.630337
0.0703125 0.640914
0.078125 0.644906
0.0859375 0.646147
0.09375 0.714667
0.101562 0.717936
0.109375 0.721001
0.117188 0.729189
0.125 0.809621
0.132812 0.809684
0.140625 0.812214
0.148438 0.812246
0.15625 0.81531
0.164062 0.817777
0.171875 0.819192
0.179688 0.819223
0.1875 0.824472
0.195312 0.824535
0.203125 0.828778
0.210938 0.832409
0.21875 0.835363
0.226562 0.835458
0.234375 0.843865
0.242188 0.843897
0.25 0.869466
0.257812 0.870503
0.265625 0.870582
0.28125 0.871886
0.296875 0.871918
0.304688 0.875077
0.3125 0.877843
0.328125 0.879414
0.34375 0.883752
0.351562 0.886345
0.359375 0.886392
0.375 0.913627
0.390625 0.91369
0.398438 0.913737
0.40625 0.91611
0.421875 0.918546
0.4375 0.921186
0.445312 0.921218
0.453125 0.921469
0.46875 0.924534
0.484375 0.924549
0.492188 0.927315
0.5 0.952759
0.515625 0.952806
0.53125 0.9529
0.539062 0.952963
0.5625 0.956703
0.585938 0.956766
0.59375 0.956939
0.609375 0.957002
0.625 0.957144
0.632812 0.959831
0.65625 0.961591
0.679688 0.961717
0.6875 0.961827
0.703125 0.961858
0.71875 0.961937
0.75 0.963524
0.78125 0.965048
0.796875 0.965096
0.8125 0.965221
0.84375 0.969056
0.875 0.96915
0.890625 0.969166
0.90625 0.969339
0.9375 0.969449
0.96875 0.969559
0.984375 0.969575
1 0.969716
1.03125 0.969732
1.0625 0.96981
1.07812 0.969826
1.125 0.971052
1.1875 0.971162
1.21875 0.971209
1.25 0.971303
1.26562 0.974729
1.3125 0.976772
1.35938 0.976819
1.375 0.976898
1.40625 0.976914
1.4375 0.977039
1.45312 0.977055
1.5 0.97715
1.5625 0.97935
1.59375 0.979381
1.625 0.979491
1.6875 0.981314
1.75 0.981393
1.78125 0.981424
1.8125 0.981471
1.875 0.981581
1.9375 0.981644
1.96875 0.981676
2 0.981896
2.0625 0.981927
2.125 0.981958
2.15625 0.981974
2.25 0.982147
2.34375 0.983923
2.375 0.984002
2.4375 0.984049
2.5 0.984127
2.53125 0.984174
2.625 0.985715
2.71875 0.98573
2.75 0.985762
2.8125 0.985793
2.875 0.985825
2.90625 0.985856
3 0.986186
3.125 0.988748
3.25 0.988795
3.375 0.988858
3.5 0.988889
3.5625 0.988905
3.625 0.988968
3.75 0.988999
3.875 0.989015
3.9375 0.991262
4 0.991529
4.125 0.991545
4.25 0.991561
4.5 0.991624
4.6875 0.991671
4.75 0.991765
4.875 0.991781
5 0.991812
5.0625 0.991828
5.25 0.994468
5.4375 0.994484
5.5 0.9945
5.75 0.994531
6 0.994594
6.25 0.994688
6.5 0.99472
6.75 0.994782
7 0.99483
7.25 0.994861
7.5 0.994892
7.75 0.994924
8 0.996275
8.25 0.996291
8.5 0.996323
9 0.996354
9.5 0.996417
10 0.996433
10.5 0.996448
11 0.996464
11.625 0.99648
12 0.997281
14 0.997297
14.25 0.997328
14.5 0.997344
15 0.99736
15.5 0.997407
16 0.99912
18 0.999136
19 0.999183
21 0.999199
21.75 0.999214
22 0.999261
23 0.999277
24 0.999309
25 0.999529
25.5 0.99956
29 0.999576
34 0.999591
36 0.999607
38 0.999654
48 0.999686
64 0.999733
68 0.999749
76 0.999811
102 0.999827
114 0.999906
144 0.999921
152 0.999953
192 0.999969
216 1
