0 0.19872
0.0078125 0.25877
0.015625 0.341908
0.0234375 0.404802
0.03125 0.505456
0.0390625 0.505919
0.046875 0.529612
0.0546875 0.529777
0.0625 0.582879
0.0703125 0.658381
0.078125 0.659119
0.0859375 0.660298
0.09375 0.681849
0.101562 0.683743
0.109375 0.684482
0.117188 0.686651
0.125 0.717917
0.140625 0.79096
0.148438 0.790974
0.15625 0.792299
0.164062 0.793506
0.171875 0.793698
0.179688 0.793712
0.1875 0.80871
0.195312 0.808733
0.203125 0.809902
0.210938 0.882533
0.21875 0.882895
0.226562 0.882932
0.234375 0.884863
0.242188 0.884872
0.25 0.898503
0.257812 0.898947
0.265625 0.898957
0.28125 0.971844
0.296875 0.971862
0.304688 0.972688
0.3125 0.973619
0.328125 0.974536
0.34375 0.975476
0.351562 0.976417
0.359375 0.976435
0.375 0.976724
0.390625 0.976802
0.40625 0.978095
0.421875 0.979242
0.4375 0.979902
0.445312 0.979911
0.453125 0.979957
0.46875 0.981131
0.484375 0.981141
0.492188 0.981751
0.5 0.981787
0.515625 0.981792
0.53125 0.981824
0.539062 0.981842
0.5625 0.982847
0.585938 0.982851
0.59375 0.98287
0.609375 0.982874
0.625 0.98292
0.632812 0.983645
0.65625 0.984342
0.679688 0.984406
0.6875 0.984425
0.703125 0.984429
0.71875 0.984457
0.726562 0.984466
0.75 0.985268
0.78125 0.985484
0.796875 0.985498
0.8125 0.985534
0.84375 0.986608
0.875 0.98664
0.890625 0.986649
0.90625 0.986681
0.9375 0.986713
0.96875 0.986731
0.984375 0.986741
1 0.986782
1.03125 0.986787
1.0625 0.986823
1.07812 0.986828
1.125 0.987305
1.17188 0.987314
1.1875 0.987332
1.21875 0.987337
1.25 0.987374
1.26562 0.988195
1.3125 0.988594
1.375 0.988607
1.40625 0.988621
1.4375 0.98863
1.45312 0.988644
1.5 0.988676
1.5625 0.989185
1.59375 0.98919
1.625 0.989222
1.6875 0.989901
1.75 0.989919
1.78125 0.989933
1.8125 0.98996
1.875 0.989997
1.9375 0.990011
1.96875 0.990034
2 0.990107
2.0625 0.990121
2.125 0.990144
2.15625 0.990162
2.25 0.990295
2.34375 0.991533
2.375 0.991556
2.4375 0.991561
2.5 0.991566
2.53125 0.991579
2.625 0.992121
2.71875 0.992125
2.75 0.992166
2.875 0.99218
3 0.992217
3.125 0.993148
3.25 0.993166
3.375 0.993189
3.5 0.993198
3.5625 0.993212
3.625 0.993226
3.75 0.99324
3.875 0.993249
3.9375 0.99418
4 0.994854
4.25 0.994868
4.3125 0.994872
4.5 0.994891
4.6875 0.994955
4.75 0.994982
4.875 0.994987
5 0.994992
5.0625 0.994996
5.25 0.9959
5.75 0.995909
5.8125 0.995923
6 0.996647
6.25 0.996661
6.5 0.996666
6.75 0.99667
7 0.996675
7.125 0.996679
7.25 0.996689
7.5 0.996698
7.75 0.996707
8 0.997042
9 0.997056
9.375 0.99706
9.5 0.997069
10 0.997083
10.125 0.997088
10.5 0.997101
10.875 0.997111
11 0.997124
11.5 0.997129
11.625 0.997133
12 0.998175
12.5 0.998193
12.75 0.998202
13.5 0.998216
14 0.99822
14.25 0.998234
14.5 0.998239
15 0.998248
15.5 0.998253
16 0.998491
16.5 0.998496
17.25 0.9985
18 0.999165
19 0.999174
19.5 0.999179
20 0.999184
21 0.999188
21.75 0.999193
22 0.999197
22.5 0.999202
24 0.999904
25.5 0.999913
26 0.999917
28.5 0.999922
31 0.999931
32 0.999945
34 0.999954
36 0.999963
37.5 0.999972
64 0.999982
136 0.999986
144 1
