0 0.199718
0.0078125 0.203909
0.015625 0.228943
0.0234375 0.236926
0.03125 0.280296
0.0390625 0.421077
0.046875 0.445088
0.0546875 0.445316
0.0625 0.485097
0.0703125 0.488733
0.078125 0.630412
0.0859375 0.631236
0.09375 0.655761
0.101562 0.656877
0.109375 0.657904
0.117188 0.800889
0.125 0.820912
0.132812 0.820932
0.140625 0.821659
0.148438 0.821679
0.15625 0.963415
0.164062 0.964224
0.171875 0.965054
0.179688 0.965064
0.1875 0.966361
0.203125 0.967559
0.210938 0.967891
0.21875 0.969146
0.226562 0.969172
0.234375 0.971201
0.242188 0.971211
0.25 0.971434
0.257812 0.971927
0.265625 0.971953
0.28125 0.972544
0.296875 0.97256
0.304688 0.974344
0.3125 0.975091
0.328125 0.976787
0.34375 0.977711
0.351562 0.979422
0.359375 0.979438
0.375 0.980403
0.390625 0.980449
0.398438 0.980455
0.40625 0.981435
0.421875 0.98267
0.4375 0.983064
0.445312 0.98309
0.453125 0.983157
0.46875 0.984651
0.484375 0.984656
0.492188 0.985398
0.5 0.985445
0.515625 0.98545
0.53125 0.985465
0.539062 0.985481
0.5625 0.985751
0.585938 0.985766
0.59375 0.985813
0.609375 0.985823
0.625 0.985886
0.632812 0.986861
0.65625 0.987675
0.679688 0.987696
0.6875 0.987727
0.703125 0.987732
0.71875 0.987779
0.726562 0.987784
0.75 0.988464
0.78125 0.988531
0.796875 0.988541
0.8125 0.988609
0.84375 0.990357
0.875 0.990378
0.890625 0.990383
0.90625 0.990471
0.9375 0.990476
0.96875 0.990502
0.984375 0.990523
1 0.99057
1.03125 0.99058
1.0625 0.990596
1.125 0.991021
1.17188 0.991026
1.1875 0.991047
1.25 0.991088
1.26562 0.99156
1.3125 0.992141
1.35938 0.992157
1.375 0.992198
1.40625 0.992209
1.4375 0.992224
1.45312 0.992235
1.5 0.992287
1.5625 0.993438
1.59375 0.993449
1.625 0.99348
1.6875 0.993936
1.75 0.993962
1.78125 0.993978
1.8125 0.993983
1.875 0.994019
1.9375 0.994035
1.96875 0.994045
2 0.994097
2.0625 0.994107
2.125 0.994138
2.15625 0.994154
2.25 0.994201
2.34375 0.994372
2.375 0.994393
2.4375 0.994398
2.5 0.994419
2.53125 0.994429
2.625 0.994621
2.75 0.994642
2.8125 0.994652
2.875 0.994673
3 0.99473
3.125 0.996053
3.1875 0.996058
3.25 0.996084
3.375 0.996115
3.5 0.996141
3.5625 0.996146
3.625 0.996182
3.75 0.996208
3.875 0.996219
3.9375 0.997168
4 0.997422
4.5 0.997432
4.6875 0.997495
4.75 0.997541
5 0.997546
5.0625 0.997552
5.25 0.998428
5.4375 0.998433
5.5 0.998459
5.75 0.99847
5.8125 0.998475
6 0.998516
6.25 0.998527
6.375 0.998532
6.5 0.998537
6.75 0.998563
7 0.998568
7.125 0.998574
7.25 0.998579
7.5 0.998589
7.75 0.998605
8 0.999258
8.5 0.999279
9 0.999295
9.5 0.99931
10.5 0.99932
10.875 0.999326
11.5 0.999331
12 0.999528
12.5 0.999533
13.5 0.999544
14 0.999554
14.25 0.999564
15.5 0.999575
15.75 0.99958
16 0.999793
17 0.999798
17.25 0.999803
18 0.999808
19 0.999818
19.5 0.999829
21.75 0.999834
22 0.999839
22.5 0.99985
24 0.999855
25 0.999876
25.5 0.999881
27 0.999886
28 0.999891
29 0.999896
31 0.999912
34 0.999917
37.5 0.999964
38 0.999969
72 0.999979
102 0.999984
144 0.99999
256 1
