0 0.193204
0.0078125 0.208531
0.015625 0.293203
0.0234375 0.322623
0.03125 0.470518
0.0390625 0.471398
0.046875 0.548556
0.0546875 0.549137
0.0625 0.676972
0.0703125 0.689149
0.078125 0.692826
0.0859375 0.695853
0.09375 0.777445
0.101562 0.782161
0.109375 0.783938
0.117188 0.795217
0.125 0.863261
0.140625 0.866094
0.148438 0.866112
0.15625 0.871162
0.164062 0.873643
0.171875 0.878306
0.179688 0.878341
0.1875 0.882934
0.203125 0.887931
0.210938 0.889761
0.21875 0.892717
0.226562 0.892911
0.234375 0.901779
0.242188 0.901814
0.25 0.902289
0.257812 0.903327
0.265625 0.903451
0.28125 0.905052
0.296875 0.905157
0.304688 0.908413
0.3125 0.910683
0.328125 0.914853
0.34375 0.917879
0.351562 0.919621
0.359375 0.919727
0.375 0.92263
0.390625 0.922736
0.398438 0.922806
0.40625 0.928402
0.421875 0.933399
0.4375 0.936285
0.445312 0.936338
0.453125 0.936531
0.46875 0.939259
0.484375 0.939329
0.492188 0.940842
0.5 0.941071
0.515625 0.941141
0.53125 0.941247
0.539062 0.941264
0.5625 0.946227
0.585938 0.946279
0.59375 0.94642
0.609375 0.946508
0.625 0.946666
0.632812 0.951417
0.65625 0.956362
0.679688 0.956573
0.6875 0.956643
0.703125 0.956661
0.71875 0.956714
0.75 0.9596
0.78125 0.962591
0.796875 0.962626
0.8125 0.962784
0.84375 0.967641
0.875 0.967711
0.90625 0.96794
0.9375 0.968046
0.96875 0.968169
0.984375 0.968186
1 0.968327
1.03125 0.968362
1.0625 0.96845
1.125 0.968697
1.17188 0.968732
1.1875 0.968767
1.21875 0.968785
1.25 0.96882
1.26562 0.969858
1.3125 0.972304
1.35938 0.972339
1.375 0.97248
1.40625 0.972568
1.4375 0.972638
1.45312 0.972656
1.5 0.972797
1.5625 0.974486
1.625 0.974556
1.6875 0.97709
1.75 0.977213
1.78125 0.977284
1.8125 0.977319
1.875 0.977442
1.9375 0.977459
1.96875 0.977512
2 0.977882
2.0625 0.977917
2.125 0.978023
2.15625 0.978075
2.25 0.978234
2.34375 0.981366
2.375 0.981471
2.4375 0.981542
2.5 0.981595
2.53125 0.981612
2.625 0.984885
2.71875 0.98492
2.75 0.985043
2.8125 0.985079
2.875 0.985114
2.90625 0.985131
3 0.98536
3.125 0.986768
3.1875 0.986785
3.25 0.986838
3.375 0.986979
3.5 0.987049
3.5625 0.987067
3.625 0.98712
3.75 0.987155
3.875 0.987172
3.9375 0.988897
4 0.989495
4.25 0.989548
4.3125 0.989566
4.5 0.989601
4.6875 0.989654
4.75 0.989742
5 0.989812
5.25 0.992926
5.5 0.992979
5.75 0.992997
5.8125 0.993032
6 0.993067
6.25 0.993208
6.375 0.993226
6.5 0.993243
6.75 0.993278
7.25 0.993314
7.5 0.993366
7.75 0.993401
8 0.995179
9 0.995231
9.5 0.995302
10.125 0.995319
10.5 0.995372
10.875 0.99539
11 0.995407
11.625 0.995425
12 0.996868
12.5 0.996886
13.5 0.996903
14.25 0.996938
14.5 0.996956
15 0.996991
15.5 0.997026
15.75 0.997044
16 0.999191
16.5 0.999208
18 0.999279
18.75 0.999314
21 0.999367
21.75 0.999384
22.5 0.999402
23 0.999419
23.25 0.999437
24 0.999455
26 0.999472
27 0.99949
28.5 0.999525
30 0.999543
31 0.999578
32 0.999613
34 0.999648
37.5 0.999824
48 0.999842
64 0.999877
128 0.999894
136 0.999912
144 0.999947
192 0.999965
256 0.999982
288 1
