0 0.498884
0.0078125 0.540632
0.015625 0.695496
0.0234375 0.727262
0.03125 0.825672
0.0390625 0.830828
0.046875 0.836554
0.0546875 0.83825
0.0625 0.839357
0.0703125 0.840015
0.078125 0.84633
0.0859375 0.852281
0.09375 0.853285
0.101562 0.863354
0.109375 0.868406
0.117188 0.88178
0.125 0.951245
0.132812 0.951366
0.140625 0.951452
0.148438 0.951504
0.15625 0.951695
0.164062 0.956833
0.171875 0.95692
0.179688 0.957023
0.1875 0.9641
0.195312 0.964377
0.203125 0.964498
0.210938 0.970259
0.21875 0.970311
0.226562 0.970813
0.234375 0.970865
0.242188 0.970899
0.25 0.971038
0.265625 0.971159
0.28125 0.974308
0.296875 0.974394
0.3125 0.974532
0.328125 0.974584
0.34375 0.974705
0.359375 0.974775
0.375 0.974844
0.390625 0.97493
0.40625 0.974982
0.421875 0.982266
0.4375 0.982353
0.453125 0.982456
0.46875 0.98256
0.484375 0.982629
0.5 0.982733
0.53125 0.982872
0.5625 0.983373
0.59375 0.98346
0.625 0.983546
0.65625 0.983633
0.6875 0.983685
0.71875 0.983719
0.75 0.983789
0.78125 0.988408
0.8125 0.988495
0.84375 0.988702
0.875 0.988875
0.90625 0.988962
0.9375 0.989014
0.96875 0.989048
1 0.98929
1.0625 0.989325
1.125 0.98936
1.1875 0.989429
1.25 0.989481
1.3125 0.99545
1.375 0.995484
1.5 0.995519
1.5625 0.995657
1.625 0.995709
1.6875 0.995727
1.75 0.995744
1.8125 0.995778
1.875 0.995796
1.9375 0.99583
2 0.9959
2.125 0.995917
2.25 0.995951
2.5 0.995969
2.625 0.996003
2.75 0.996021
2.875 0.996038
3.125 0.996055
3.25 0.99609
3.375 0.996107
3.5 0.996142
3.625 0.996159
3.875 0.996194
4 0.999083
4.25 0.9991
4.5 0.999135
4.75 0.999221
5 0.999239
5.5 0.999256
5.75 0.999273
6 0.999291
6.25 0.999308
6.75 0.999325
7.25 0.999343
7.5 0.999377
7.75 0.999394
8 0.999429
8.5 0.999464
9 0.999516
9.5 0.99955
12.5 0.999637
16 0.999654
34 0.999671
38 0.999862
64 0.999896
72 0.999931
76 0.999965
96 1
