0 0.500838
0.0078125 0.529656
0.015625 0.650375
0.0234375 0.865023
0.03125 0.92198
0.0390625 0.925776
0.046875 0.930391
0.0546875 0.932172
0.0625 0.933297
0.0703125 0.933988
0.078125 0.93906
0.0859375 0.944121
0.09375 0.9448
0.101562 0.953622
0.109375 0.957956
0.117188 0.965219
0.125 0.965524
0.132812 0.965817
0.140625 0.966016
0.148438 0.966203
0.15625 0.966402
0.164062 0.970877
0.171875 0.971088
0.179688 0.971264
0.1875 0.973853
0.195312 0.974064
0.203125 0.974216
0.210938 0.977801
0.21875 0.977965
0.226562 0.978199
0.234375 0.978281
0.242188 0.978433
0.25 0.978656
0.265625 0.97889
0.28125 0.980167
0.296875 0.980284
0.3125 0.98046
0.328125 0.980647
0.34375 0.980764
0.359375 0.98087
0.375 0.981011
0.390625 0.981104
0.40625 0.981233
0.421875 0.985005
0.4375 0.985134
0.453125 0.985286
0.46875 0.985404
0.484375 0.985544
0.5 0.98572
0.53125 0.985872
0.5625 0.9862
0.59375 0.986376
0.625 0.986493
0.65625 0.986634
0.6875 0.986762
0.71875 0.986844
0.75 0.98695
0.78125 0.99016
0.8125 0.990277
0.84375 0.990394
0.875 0.990511
0.90625 0.990617
0.9375 0.990722
0.96875 0.990769
1 0.991038
1.0625 0.991097
1.125 0.991132
1.1875 0.991214
1.25 0.991261
1.3125 0.995982
1.375 0.996017
1.4375 0.996076
1.5 0.996111
1.5625 0.996345
1.625 0.996392
1.6875 0.996427
1.75 0.99645
1.8125 0.996486
1.875 0.996544
1.9375 0.996591
2 0.996614
2.125 0.996661
2.25 0.996708
2.375 0.99672
2.5 0.996732
2.75 0.996755
2.875 0.99679
3 0.996802
3.125 0.996825
3.25 0.99686
3.375 0.996896
3.5 0.996919
3.625 0.996942
3.875 0.996989
4 0.999449
4.25 0.999473
4.5 0.99952
4.75 0.999578
5 0.999602
5.5 0.999637
5.75 0.999672
6 0.999684
6.25 0.999695
6.5 0.999719
6.75 0.999742
7 0.999754
7.25 0.999777
7.5 0.999813
7.75 0.999824
8 0.999859
9 0.999883
9.5 0.999906
11.5 0.999918
12.5 0.999953
13 0.999965
34 0.999977
64 1
