0 0.503187
0.0078125 0.523891
0.015625 0.604105
0.0234375 0.620665
0.03125 0.665548
0.0390625 0.951752
0.046875 0.954849
0.0546875 0.955807
0.0625 0.956299
0.0703125 0.95672
0.078125 0.96013
0.0859375 0.963236
0.09375 0.963684
0.101562 0.96824
0.109375 0.97123
0.117188 0.976932
0.125 0.976977
0.132812 0.977004
0.140625 0.977049
0.148438 0.977066
0.15625 0.97712
0.164062 0.979967
0.171875 0.980011
0.179688 0.980065
0.1875 0.982921
0.195312 0.982983
0.203125 0.983073
0.210938 0.986161
0.21875 0.986179
0.226562 0.986313
0.234375 0.986322
0.242188 0.986376
0.25 0.986456
0.265625 0.986537
0.28125 0.987996
0.296875 0.988014
0.3125 0.98813
0.328125 0.988175
0.34375 0.988211
0.359375 0.988247
0.375 0.988283
0.390625 0.988318
0.40625 0.988354
0.421875 0.990834
0.4375 0.990861
0.453125 0.990887
0.46875 0.990932
0.484375 0.990986
0.5 0.99104
0.53125 0.99112
0.5625 0.991299
0.59375 0.991335
0.625 0.991398
0.65625 0.991451
0.6875 0.991514
0.71875 0.99155
0.75 0.991613
0.78125 0.994361
0.8125 0.994423
0.84375 0.994504
0.875 0.994575
0.90625 0.994629
0.9375 0.994656
0.96875 0.994665
1 0.994817
1.125 0.994835
1.1875 0.994853
1.25 0.994871
1.3125 0.997789
1.375 0.997807
1.4375 0.997825
1.5 0.997861
1.5625 0.997923
1.625 0.997941
1.75 0.997959
1.8125 0.997986
1.875 0.998004
1.9375 0.998022
2 0.998129
2.125 0.998138
2.25 0.998156
2.375 0.998174
2.625 0.998183
2.75 0.998192
2.875 0.998201
3 0.99821
3.125 0.998219
3.25 0.998228
3.375 0.998246
3.5 0.998254
3.625 0.998272
3.75 0.99829
3.875 0.998308
4 0.999633
4.25 0.999651
4.5 0.999678
4.75 0.999723
5.25 0.999731
5.5 0.999767
5.75 0.999776
6 0.999785
6.5 0.999794
6.75 0.999803
7 0.999812
7.5 0.999821
7.75 0.999839
8 0.999866
9 0.999893
9.5 0.999902
12.5 0.999964
14 0.999973
34 0.999982
64 1
