0 0.512852
0.0078125 0.558155
0.015625 0.730723
0.0234375 0.765443
0.03125 0.892669
0.0390625 0.898419
0.046875 0.905227
0.0546875 0.907065
0.0625 0.908063
0.0703125 0.909139
0.078125 0.915614
0.0859375 0.92334
0.09375 0.92422
0.101562 0.93627
0.109375 0.941082
0.117188 0.951919
0.125 0.951997
0.132812 0.952056
0.140625 0.952154
0.148438 0.952251
0.15625 0.952369
0.164062 0.958257
0.171875 0.958335
0.179688 0.958433
0.1875 0.964516
0.195312 0.964712
0.203125 0.964947
0.210938 0.970971
0.21875 0.97105
0.226562 0.971539
0.242188 0.971636
0.25 0.971754
0.265625 0.971871
0.28125 0.974512
0.296875 0.974532
0.3125 0.974688
0.328125 0.974786
0.34375 0.974825
0.359375 0.974884
0.375 0.97504
0.390625 0.975138
0.40625 0.975216
0.421875 0.981417
0.4375 0.981476
0.453125 0.981554
0.46875 0.981671
0.484375 0.981691
0.5 0.981926
0.53125 0.982023
0.5625 0.982356
0.59375 0.982415
0.625 0.982493
0.65625 0.982591
0.6875 0.982669
0.71875 0.982728
0.75 0.982806
0.78125 0.988615
0.8125 0.988772
0.84375 0.98887
0.875 0.988928
0.90625 0.989007
0.9375 0.989065
0.96875 0.989144
1 0.989594
1.25 0.989613
1.3125 0.995794
1.375 0.995853
1.5 0.995912
1.5625 0.996166
1.625 0.996186
1.6875 0.996205
1.75 0.996244
1.9375 0.996264
2 0.996577
2.125 0.996596
2.25 0.996616
2.5 0.996635
2.625 0.996655
2.75 0.996675
2.875 0.996694
3 0.996714
3.125 0.996733
3.375 0.996753
3.5 0.996772
3.625 0.996792
3.75 0.996812
3.875 0.99687
4 0.999022
4.25 0.999042
4.5 0.999081
4.75 0.999159
5 0.999198
5.25 0.999218
5.5 0.999276
6 0.999315
6.25 0.999335
6.5 0.999374
6.75 0.999394
7 0.999413
7.25 0.999452
7.75 0.999531
8 0.99957
8.5 0.999609
9 0.999667
9.5 0.999707
12.5 0.999902
16 0.999922
34 0.999941
64 1
