0 0.503176
0.0078125 0.550614
0.015625 0.741681
0.0234375 0.778821
0.03125 0.882166
0.0390625 0.886605
0.046875 0.893696
0.0546875 0.895834
0.0625 0.897273
0.0703125 0.898259
0.078125 0.905967
0.0859375 0.914497
0.09375 0.91573
0.101562 0.928699
0.109375 0.934578
0.117188 0.947362
0.125 0.947752
0.132812 0.947835
0.140625 0.947876
0.148438 0.947937
0.15625 0.948081
0.164062 0.954967
0.171875 0.955111
0.179688 0.955296
0.1875 0.962942
0.195312 0.963229
0.203125 0.963435
0.210938 0.969437
0.21875 0.969519
0.226562 0.969827
0.234375 0.969889
0.242188 0.970012
0.25 0.970197
0.265625 0.970362
0.28125 0.973013
0.296875 0.973116
0.3125 0.97328
0.328125 0.973424
0.34375 0.973568
0.359375 0.97365
0.375 0.973732
0.390625 0.973835
0.40625 0.973897
0.421875 0.980967
0.4375 0.98107
0.453125 0.981193
0.46875 0.981317
0.484375 0.981399
0.5 0.981666
0.53125 0.981831
0.5625 0.982529
0.59375 0.982612
0.625 0.982694
0.65625 0.982797
0.6875 0.982858
0.71875 0.98294
0.75 0.983043
0.78125 0.986722
0.8125 0.986825
0.84375 0.987031
0.875 0.987133
0.90625 0.987216
0.9375 0.987318
0.96875 0.987359
1 0.987853
1.0625 0.987894
1.125 0.987935
1.1875 0.988038
1.25 0.988058
1.3125 0.993587
1.4375 0.993628
1.5 0.993711
1.5625 0.994019
1.625 0.99406
1.6875 0.994122
1.75 0.994142
1.8125 0.994163
1.9375 0.994245
2 0.994533
2.125 0.994574
2.25 0.994615
2.375 0.994656
2.5 0.994677
2.875 0.994697
3.125 0.994718
3.25 0.994759
3.375 0.9948
3.5 0.994841
3.625 0.994862
3.75 0.994882
3.875 0.994944
4 0.998911
4.5 0.998972
4.75 0.999137
5 0.999178
5.25 0.999198
5.5 0.999301
6.25 0.999322
6.5 0.999342
6.75 0.999363
7 0.999383
7.25 0.999404
7.5 0.999445
7.75 0.999466
8 0.999568
8.5 0.99963
9 0.999651
9.5 0.999671
12.5 0.999815
16 0.999836
32 0.999877
34 0.999897
64 0.999979
72 1
