0 7.41636e-06
0 0.0519516
0 0.051959
0.0078125 0.0565572
0.015625 0.0698695
0.0234375 0.0889073
0.03125 0.112499
0.0390625 0.119374
0.046875 0.147882
0.0546875 0.153103
0.0625 0.176064
0.0703125 0.195562
0.078125 0.21084
0.0859375 0.218004
0.09375 0.258245
0.101562 0.263177
0.109375 0.277016
0.117188 0.296929
0.125 0.318674
0.132812 0.323843
0.140625 0.356015
0.148438 0.360732
0.15625 0.377812
0.164062 0.393267
0.171875 0.401574
0.179688 0.40167
0.1875 0.435415
0.195312 0.436334
0.203125 0.447978
0.210938 0.462989
0.21875 0.479816
0.226562 0.479913
0.234375 0.506219
0.242188 0.506315
0.25 0.523239
0.257812 0.538005
0.265625 0.551585
0.273438 0.552986
0.28125 0.58527
0.296875 0.594785
0.304688 0.610011
0.3125 0.619192
0.328125 0.635946
0.34375 0.644378
0.351562 0.660931
0.359375 0.661161
0.375 0.684953
0.382812 0.685539
0.390625 0.686933
0.398438 0.701521
0.40625 0.709627
0.421875 0.72707
0.429688 0.728954
0.4375 0.738314
0.445312 0.752857
0.453125 0.753013
0.46875 0.764078
0.484375 0.764204
0.492188 0.765932
0.5 0.773979
0.507812 0.775032
0.515625 0.776374
0.53125 0.784139
0.539062 0.784236
0.546875 0.78675
0.5625 0.796947
0.585938 0.798127
0.59375 0.805795
0.601562 0.806715
0.609375 0.808576
0.625 0.812106
0.632812 0.812566
0.65625 0.81577
0.664062 0.816712
0.679688 0.816794
0.6875 0.817721
0.703125 0.820672
0.710938 0.8218
0.71875 0.822067
0.726562 0.822141
0.742188 0.823357
0.75 0.82556
0.765625 0.826383
0.773438 0.827095
0.78125 0.828526
0.796875 0.829631
0.8125 0.830677
0.820312 0.83219
0.84375 0.834089
0.859375 0.835142
0.875 0.836818
0.890625 0.837849
0.898438 0.838004
0.90625 0.838219
0.914062 0.838813
0.929688 0.839547
0.9375 0.843544
0.945312 0.844197
0.96875 0.84436
0.976562 0.844471
0.984375 0.846704
1 0.847512
1.01562 0.850523
1.03125 0.851621
1.03906 0.852266
1.05469 0.853356
1.0625 0.854224
1.07812 0.854424
1.09375 0.855485
1.11719 0.856011
1.125 0.858652
1.13281 0.858726
1.14844 0.859675
1.17188 0.860958
1.1875 0.861789
1.19531 0.862337
1.20312 0.863012
1.21094 0.863087
1.21875 0.863865
1.25 0.865653
1.25781 0.865786
1.26562 0.866505
1.28906 0.86741
1.3125 0.86965
1.32031 0.871771
1.32812 0.872446
1.33594 0.872987
1.35938 0.873143
1.36719 0.873254
1.375 0.874545
1.40625 0.876466
1.42188 0.877052
1.4375 0.877393
1.45312 0.877534
1.46094 0.878831
1.47656 0.879395
1.48438 0.880426
1.5 0.882132
1.52344 0.883215
1.53125 0.883474
1.54688 0.884016
1.5625 0.884564
1.58594 0.88469
1.59375 0.885395
1.61719 0.885491
1.625 0.886641
1.63281 0.887249
1.64062 0.8894
1.6875 0.891291
1.69531 0.89141
1.71875 0.891743
1.72656 0.892211
1.75 0.892915
1.75781 0.894124
1.78125 0.89474
1.79688 0.894977
1.80469 0.895103
1.8125 0.89534
1.82812 0.895948
1.85938 0.897261
1.875 0.898781
1.89062 0.898878
1.89844 0.899634
1.92969 0.901006
1.9375 0.901207
1.95312 0.901399
1.96875 0.902749
1.97656 0.902868
1.99219 0.904359
2 0.904774
2.03125 0.905115
2.03906 0.905197
2.0625 0.906554
2.07812 0.907006
2.10938 0.908831
2.125 0.90955
2.13281 0.910351
2.14844 0.910485
2.15625 0.910744
2.17969 0.910826
2.1875 0.911293
2.22656 0.912902
2.23438 0.913117
2.25 0.915824
2.25781 0.915965
2.26562 0.916106
2.29688 0.916351
2.32031 0.917241
2.33594 0.917322
2.34375 0.917879
2.375 0.918531
2.39062 0.919013
2.40625 0.919295
2.42188 0.919436
2.4375 0.91974
2.46094 0.919866
2.49219 0.919948
2.5 0.920452
2.51562 0.920638
2.52344 0.921016
2.53125 0.92155
2.53906 0.921646
2.57812 0.921846
2.625 0.924509
2.64062 0.924628
2.65625 0.924991
2.66406 0.925043
2.67188 0.925458
2.69531 0.925621
2.71875 0.925792
2.73438 0.925948
2.74219 0.926029
2.75 0.926459
2.78906 0.926615
2.8125 0.927401
2.82031 0.927535
2.84375 0.927787
2.875 0.928143
2.90625 0.928336
2.92188 0.928588
2.92969 0.928699
2.94531 0.928833
2.95312 0.930049
2.96875 0.930368
3 0.931324
3.04688 0.93151
3.05469 0.931643
3.0625 0.931792
3.09375 0.932103
3.11719 0.932274
3.125 0.932682
3.14844 0.932771
3.16406 0.932867
3.17188 0.933001
3.1875 0.933446
3.23438 0.933661
3.25 0.934054
3.26562 0.934284
3.28125 0.93461
3.32031 0.934692
3.375 0.93547
3.39062 0.935596
3.39844 0.935678
3.41406 0.935782
3.4375 0.936012
3.45312 0.936256
3.5 0.936672
3.51562 0.936879
3.5625 0.937243
3.58594 0.937339
3.59375 0.937473
3.60938 0.937591
3.625 0.937829
3.63281 0.937895
3.65625 0.938185
3.71094 0.938355
3.71875 0.938696
3.75 0.939416
3.78125 0.939497
3.79688 0.939616
3.85156 0.939705
3.85938 0.939883
3.875 0.940105
3.90625 0.940573
3.9375 0.94196
3.95312 0.942011
3.98438 0.942204
4 0.942427
4.00781 0.94259
4.0625 0.942768
4.07812 0.942931
4.11719 0.943005
4.125 0.94322
4.15625 0.943584
4.21875 0.944044
4.25 0.944496
4.26562 0.944585
4.29688 0.944659
4.30469 0.944741
4.3125 0.944919
4.35938 0.945082
4.375 0.945445
4.45312 0.945653
4.46875 0.945838
4.5 0.946417
4.51562 0.946535
4.53125 0.946639
4.59375 0.946802
4.60156 0.946899
4.64062 0.946973
4.67188 0.947084
4.6875 0.948612
4.75 0.94902
4.78125 0.949398
4.8125 0.949635
4.84375 0.949702
4.875 0.94994
4.92188 0.950006
4.98438 0.950058
5 0.950392
5.03125 0.950548
5.04688 0.9508
5.0625 0.951949
5.07812 0.952046
5.15625 0.952202
5.25 0.953425
5.28125 0.953499
5.3125 0.953833
5.32812 0.95393
5.34375 0.954263
5.39062 0.954337
5.4375 0.954478
5.46875 0.954604
5.48438 0.955124
5.5 0.955368
5.57812 0.955472
5.625 0.956036
5.64062 0.956177
5.6875 0.956429
5.75 0.956666
5.8125 0.956763
5.84375 0.956918
5.85938 0.957015
5.89062 0.957074
5.90625 0.958795
5.9375 0.959039
6 0.959388
6.09375 0.959551
6.10938 0.959633
6.125 0.959744
6.1875 0.959989
6.23438 0.960085
6.25 0.960374
6.29688 0.960404
6.32812 0.960493
6.34375 0.960552
6.375 0.960938
6.46875 0.961057
6.5 0.961279
6.53125 0.96145
6.5625 0.96168
6.64062 0.961732
6.75 0.962184
6.78125 0.962288
6.79688 0.96234
6.82812 0.962406
6.875 0.962577
6.90625 0.962755
7 0.963029
7.03125 0.963215
7.125 0.963489
7.17188 0.963571
7.1875 0.963652
7.21875 0.963719
7.25 0.963867
7.26562 0.963912
7.3125 0.96412
7.42188 0.964209
7.4375 0.964476
7.5 0.965054
7.5625 0.965113
7.59375 0.965551
7.70312 0.96564
7.71875 0.965825
7.75 0.965989
7.8125 0.966078
7.875 0.966493
7.90625 0.96656
7.96875 0.966723
8 0.966908
8.01562 0.966938
8.125 0.967094
8.15625 0.967249
8.23438 0.967316
8.25 0.967561
8.3125 0.967783
8.4375 0.968035
8.5 0.96831
8.53125 0.968406
8.59375 0.968473
8.60938 0.968503
8.625 0.968607
8.71875 0.968696
8.75 0.968896
8.90625 0.969089
8.9375 0.96917
9 0.969556
9.03125 0.969637
9.0625 0.969674
9.1875 0.969763
9.20312 0.96983
9.28125 0.969904
9.34375 0.969979
9.375 0.970208
9.5 0.970446
9.5625 0.97078
9.625 0.97095
9.6875 0.971032
9.75 0.97118
9.84375 0.971262
9.96875 0.971291
10 0.971551
10.0625 0.971618
10.0938 0.971803
10.125 0.972033
10.1562 0.972085
10.3125 0.972189
10.5 0.97319
10.5625 0.973234
10.625 0.973383
10.6562 0.973442
10.6875 0.973635
10.7812 0.973664
10.875 0.973716
10.9375 0.973783
10.9688 0.973842
11 0.974013
11.1562 0.974065
11.25 0.974414
11.2812 0.97448
11.375 0.974614
11.5 0.974732
11.625 0.974807
11.6875 0.974962
11.7188 0.975029
11.7812 0.975081
11.8125 0.975266
11.875 0.9754
12 0.97563
12.1875 0.975734
12.2188 0.975786
12.25 0.975845
12.375 0.975964
12.4688 0.976023
12.5 0.977076
12.5938 0.977121
12.6562 0.977172
12.6875 0.977224
12.75 0.977454
12.9375 0.977543
13 0.977736
13.0625 0.977825
13.125 0.978003
13.2812 0.978574
13.5 0.978856
13.5625 0.978908
13.5938 0.978945
13.6562 0.978997
13.75 0.979116
13.8125 0.97919
14 0.979383
14.0625 0.979538
14.25 0.979679
14.3438 0.979731
14.375 0.979813
14.4375 0.979857
14.5 0.979924
14.5312 0.979946
14.625 0.980065
14.8438 0.981229
14.875 0.981348
15 0.981622
15.125 0.981652
15.1875 0.981704
15.4062 0.981734
15.4375 0.981808
15.5 0.981897
15.625 0.981926
15.75 0.982201
15.8125 0.98226
15.9375 0.982349
16 0.98252
16.0312 0.982564
16.25 0.982683
16.3125 0.982735
16.4688 0.982772
16.5 0.982913
16.625 0.983061
16.875 0.983284
17 0.983469
17.0625 0.983536
17.1875 0.983558
17.2188 0.983595
17.25 0.983662
17.4375 0.983714
17.5 0.98384
17.8125 0.983921
17.875 0.984018
18 0.9843
18.0625 0.984344
18.125 0.984366
18.375 0.984885
18.4062 0.984923
18.5625 0.98496
18.6875 0.984989
18.75 0.985138
19 0.985249
19.125 0.985382
19.25 0.985419
19.375 0.985434
19.5 0.985479
19.6875 0.986265
19.9375 0.986272
20 0.986406
20.125 0.986487
20.1875 0.986599
20.25 0.986732
20.3125 0.986814
20.625 0.986895
21 0.987103
21.125 0.987125
21.25 0.987244
21.3125 0.987251
21.375 0.987392
21.5625 0.987444
21.75 0.987466
21.875 0.987533
21.9375 0.987555
22 0.987644
22.3125 0.987793
22.5 0.988
22.5625 0.98806
22.75 0.988119
23 0.988201
23.25 0.988238
23.375 0.988327
23.4375 0.988379
23.5625 0.988416
23.625 0.988519
23.75 0.988579
24 0.98866
24.375 0.988697
24.4375 0.988749
24.5 0.988794
24.75 0.98889
24.9375 0.98892
25 0.989016
25.1875 0.989024
25.3125 0.989046
25.375 0.989083
25.5 0.989187
25.875 0.989254
26 0.989306
26.125 0.989387
26.25 0.989506
26.5625 0.989528
27 0.989751
27.125 0.98978
27.1875 0.989803
27.3125 0.989832
27.5 0.989869
27.625 0.989929
28 0.99044
28.125 0.990492
28.5 0.990559
28.6875 0.990566
28.75 0.990589
28.875 0.990611
29 0.990633
29.0625 0.990655
29.25 0.990707
29.6875 0.990804
29.75 0.990937
30 0.991078
30.25 0.991093
30.375 0.991167
30.8125 0.991182
30.875 0.991256
31 0.991308
31.25 0.99133
31.5 0.991442
31.625 0.991471
31.875 0.991531
32 0.99156
32.0625 0.991605
32.5 0.991612
32.625 0.991664
32.9375 0.991671
33 0.991731
33.25 0.991798
33.75 0.991872
34 0.991975
34.125 0.99199
34.4375 0.992005
34.5 0.992057
34.875 0.992079
35 0.992124
35.625 0.992183
35.75 0.992205
36 0.992992
36.125 0.993029
36.25 0.993051
36.75 0.993081
36.8125 0.99311
37.125 0.993125
37.375 0.99314
37.5 0.993214
38 0.993273
38.25 0.993385
38.5 0.993429
38.75 0.993459
39 0.99354
39.375 0.993555
39.875 0.993577
40 0.993674
40.25 0.993689
40.375 0.993755
40.5 0.993822
40.625 0.99383
41.25 0.993859
42 0.993941
42.25 0.993948
42.5 0.993985
42.625 0.993993
42.75 0.994067
43.125 0.994089
43.5 0.994104
43.75 0.994148
43.875 0.994156
44 0.994193
44.625 0.994223
45 0.994364
45.125 0.994393
45.5 0.99446
46 0.994475
46.5 0.994504
46.75 0.994542
46.875 0.994571
47.125 0.994579
47.25 0.994638
47.5 0.994668
48 0.994764
48.75 0.994801
48.875 0.994809
49 0.994831
49.5 0.994883
49.875 0.99492
50 0.994964
50.75 0.994994
51 0.995016
51.75 0.995076
52 0.995142
52.25 0.995157
52.5 0.995202
53.125 0.995209
54 0.995254
54.375 0.995261
54.625 0.995298
55 0.995328
55.25 0.995357
56 0.99627
56.25 0.996299
57 0.996366
57.375 0.996373
57.5 0.996381
57.75 0.996388
58 0.99641
58.125 0.996425
58.5 0.996499
59.375 0.996522
59.5 0.996544
60 0.996633
60.5 0.996648
61.625 0.996655
61.75 0.996692
62 0.996707
62.5 0.996715
63 0.996796
63.75 0.996818
64 0.996841
64.125 0.996863
65 0.996915
65.25 0.996922
65.875 0.99693
66 0.996952
66.5 0.996982
67.5 0.997026
68 0.997093
68.25 0.997108
68.75 0.997115
68.875 0.997122
69 0.99713
69.75 0.997137
70 0.997152
71.25 0.997182
71.5 0.997197
72 0.997545
72.25 0.997553
72.5 0.997567
73.625 0.997575
74.75 0.997582
75 0.997634
76 0.997701
76.5 0.997753
77 0.997775
78 0.99779
78.75 0.997797
80 0.997812
80.5 0.99782
80.75 0.997901
81 0.997923
81.25 0.997931
82.5 0.997953
84 0.997998
84.5 0.998012
85 0.998049
85.25 0.998064
85.5 0.998094
86.25 0.998101
87.75 0.998109
88 0.998146
89.25 0.998153
90 0.998198
90.25 0.998205
91 0.998235
92 0.998257
93.5 0.998287
93.75 0.998302
94.5 0.998331
95 0.998346
96 0.998368
97.5 0.998376
97.75 0.998391
98 0.998398
99 0.998405
99.75 0.99842
100 0.998509
101.5 0.998517
102 0.998532
103.5 0.998546
104 0.998554
104.5 0.998569
105 0.998598
106.25 0.998606
108 0.998658
108.5 0.998665
108.75 0.998672
109.25 0.99871
110 0.998717
110.5 0.998739
112 0.998747
112.5 0.998754
114 0.998776
116 0.998784
117 0.998806
119 0.998813
120 0.99885
121 0.998858
121.5 0.998873
123.25 0.99888
123.5 0.998902
124 0.99891
125 0.998917
126 0.998932
126.5 0.998947
127.5 0.998954
128 0.998977
128.25 0.998984
131.75 0.998991
132 0.998999
133 0.999014
135 0.999043
136 0.999058
137.75 0.999073
139.5 0.999095
142.5 0.999117
143 0.999125
144 0.99914
144.5 0.999155
145 0.999162
147.25 0.999177
150 0.999199
152 0.999221
153 0.999251
155 0.999258
157.5 0.999266
159.5 0.999273
160 0.999295
161 0.999303
161.5 0.999333
162 0.99934
168 0.999355
170 0.999362
171 0.999392
175 0.999399
175.5 0.999407
178.5 0.999414
180.5 0.999429
187 0.999436
188.5 0.999444
189 0.999451
190 0.999466
192 0.999473
195.5 0.999481
196 0.999488
200 0.999496
201.5 0.999503
204 0.999511
208 0.999518
209 0.999525
212.5 0.99954
216 0.99957
221 0.999585
224 0.999592
225 0.999614
228 0.999622
231 0.999629
232 0.999637
232.5 0.999644
237.5 0.999651
238 0.999666
243 0.999674
246.5 0.999681
247 0.999689
248 0.999696
255 0.999703
256 0.999711
261 0.999718
263.5 0.999726
272 0.99974
279 0.999748
285 0.999755
294.5 0.999763
300 0.99977
312 0.999785
324 0.999792
330 0.9998
340 0.999807
342 0.999815
352 0.999822
368 0.999829
384 0.999837
396 0.999844
408 0.999852
416 0.999859
432 0.999867
450 0.999874
484 0.999881
504 0.999889
510 0.999896
512 0.999904
532 0.999911
576 0.999918
612 0.999933
640 0.999948
644 0.999956
836 0.999963
912 0.99997
936 0.999978
1024 0.999993
1972 1
