0 0.0485661
0.0078125 0.0520008
0.015625 0.0717202
0.0234375 0.0786857
0.03125 0.109886
0.0390625 0.113873
0.046875 0.149661
0.0546875 0.153528
0.0625 0.192007
0.0703125 0.199332
0.078125 0.225032
0.0859375 0.228755
0.09375 0.268771
0.101562 0.274775
0.109375 0.297954
0.117188 0.308066
0.125 0.334318
0.132812 0.337849
0.140625 0.369217
0.148438 0.37294
0.15625 0.401138
0.164062 0.408368
0.171875 0.430273
0.179688 0.430321
0.1875 0.46157
0.195312 0.464428
0.203125 0.483859
0.210938 0.487366
0.21875 0.515997
0.226562 0.516093
0.234375 0.543282
0.242188 0.543306
0.25 0.578109
0.257812 0.58188
0.265625 0.605034
0.273438 0.605299
0.28125 0.641711
0.296875 0.655642
0.304688 0.658909
0.3125 0.667988
0.328125 0.674977
0.34375 0.683576
0.351562 0.691934
0.359375 0.691958
0.375 0.70709
0.382812 0.707307
0.390625 0.709925
0.398438 0.714704
0.40625 0.723567
0.421875 0.730004
0.429688 0.730365
0.4375 0.739155
0.445312 0.743599
0.453125 0.743623
0.46875 0.753615
0.492188 0.753927
0.5 0.762598
0.507812 0.762886
0.515625 0.763871
0.53125 0.773334
0.546875 0.774199
0.5625 0.783662
0.585938 0.788995
0.59375 0.79829
0.601562 0.798674
0.609375 0.799515
0.625 0.799851
0.632812 0.799923
0.65625 0.801172
0.664062 0.801484
0.679688 0.80158
0.6875 0.801893
0.703125 0.813085
0.710938 0.813182
0.71875 0.81323
0.742188 0.813494
0.75 0.814551
0.765625 0.815151
0.773438 0.817649
0.78125 0.817913
0.796875 0.818778
0.8125 0.821756
0.820312 0.824639
0.84375 0.825767
0.859375 0.826272
0.875 0.82668
0.890625 0.827473
0.90625 0.827593
0.914062 0.827689
0.929688 0.827857
0.9375 0.830547
0.945312 0.830643
0.984375 0.830955
1 0.831172
1.01562 0.833405
1.03125 0.835927
1.03906 0.836312
1.05469 0.836792
1.0625 0.836936
1.09375 0.83732
1.11719 0.842172
1.125 0.842869
1.13281 0.842893
1.14844 0.845031
1.17188 0.852068
1.1875 0.852332
1.19531 0.852356
1.20312 0.855166
1.21875 0.857736
1.25 0.857977
1.26562 0.86021
1.28906 0.864582
1.3125 0.869506
1.32031 0.872244
1.32812 0.87234
1.33594 0.872652
1.35938 0.872724
1.36719 0.872772
1.375 0.872916
1.40625 0.87551
1.42188 0.877936
1.4375 0.878008
1.45312 0.878032
1.46094 0.878441
1.47656 0.880867
1.48438 0.880987
1.5 0.881251
1.52344 0.881539
1.53125 0.881659
1.54688 0.883941
1.5625 0.884277
1.58594 0.884349
1.59375 0.884445
1.61719 0.884469
1.625 0.884541
1.63281 0.884782
1.64062 0.887328
1.6875 0.890042
1.72656 0.89511
1.75 0.899962
1.75781 0.900298
1.78125 0.900418
1.79688 0.90049
1.80469 0.900538
1.8125 0.900562
1.82812 0.900874
1.85938 0.903516
1.875 0.903925
1.89062 0.903973
1.89844 0.906687
1.92969 0.906759
1.9375 0.906783
1.96875 0.906927
1.99219 0.906999
2 0.907071
2.03125 0.907095
2.0625 0.907143
2.07812 0.907191
2.10938 0.915093
2.125 0.915141
2.13281 0.915165
2.15625 0.91519
2.1875 0.91531
2.22656 0.915358
2.25 0.918216
2.26562 0.918264
2.29688 0.918576
2.32031 0.920954
2.33594 0.921026
2.34375 0.921074
2.39062 0.921098
2.42188 0.921122
2.4375 0.92362
2.46094 0.923668
2.49219 0.923764
2.5 0.923956
2.51562 0.92398
2.52344 0.924028
2.53125 0.926622
2.57812 0.926671
2.625 0.926815
2.64062 0.926839
2.65625 0.926911
2.66406 0.926935
2.67188 0.926959
2.71875 0.927031
2.73438 0.927079
2.74219 0.927103
2.75 0.927175
2.78906 0.927223
2.8125 0.932699
2.84375 0.932819
2.90625 0.932843
2.94531 0.932891
2.95312 0.935702
2.96875 0.935726
3 0.936062
3.04688 0.93611
3.05469 0.936158
3.0625 0.936182
3.09375 0.936254
3.11719 0.936302
3.125 0.938464
3.16406 0.940553
3.17188 0.940625
3.1875 0.940673
3.23438 0.940698
3.25 0.940818
3.26562 0.940842
3.28125 0.940938
3.32031 0.940986
3.375 0.94615
3.39062 0.946198
3.39844 0.94627
3.41406 0.946294
3.4375 0.946318
3.45312 0.946342
3.5 0.946414
3.51562 0.946462
3.5625 0.949176
3.58594 0.949224
3.625 0.949296
3.65625 0.949344
3.71094 0.949392
3.71875 0.949416
3.75 0.949608
3.79688 0.949657
3.85156 0.949729
3.875 0.949753
3.90625 0.950065
3.9375 0.952827
4 0.955685
4.00781 0.955709
4.0625 0.955757
4.07812 0.955829
4.11719 0.955853
4.125 0.955925
4.15625 0.955973
4.21875 0.956094
4.25 0.956214
4.30469 0.95631
4.35938 0.956358
4.375 0.956478
4.45312 0.956574
4.5 0.956982
4.53125 0.957006
4.59375 0.957054
4.64062 0.957102
4.6875 0.957246
4.75 0.957415
4.78125 0.957463
4.8125 0.957511
4.84375 0.957535
4.875 0.957559
5 0.957583
5.04688 0.957607
5.0625 0.957775
5.07812 0.957799
5.15625 0.957847
5.25 0.957991
5.28125 0.958039
5.3125 0.958063
5.34375 0.958087
5.4375 0.958111
5.46875 0.958135
5.5 0.958231
5.57812 0.958255
5.625 0.958399
5.64062 0.958423
5.75 0.958471
5.84375 0.958519
5.85938 0.958543
5.90625 0.958616
5.9375 0.95864
6 0.958736
6.09375 0.95876
6.125 0.958808
6.1875 0.958832
6.25 0.959
6.29688 0.959048
6.32812 0.959432
6.34375 0.959456
6.375 0.95948
6.5 0.959504
6.5625 0.959841
6.75 0.959961
6.82812 0.959985
6.875 0.960009
6.90625 0.960057
7 0.960201
7.03125 0.960249
7.17188 0.962939
7.1875 0.962963
7.21875 0.962987
7.25 0.963011
7.26562 0.963035
7.3125 0.963059
7.42188 0.963083
7.5 0.963155
7.59375 0.963251
7.75 0.963275
7.8125 0.963371
7.875 0.963732
7.90625 0.963756
7.96875 0.96378
8 0.963948
8.125 0.963996
8.15625 0.964068
8.23438 0.964092
8.25 0.964164
8.3125 0.964236
8.4375 0.964332
8.5 0.964428
8.59375 0.964524
8.60938 0.964548
8.625 0.96462
8.75 0.964644
8.9375 0.964668
9.03125 0.96474
9.1875 0.968944
9.28125 0.968992
9.375 0.969016
9.5 0.969088
9.5625 0.969136
9.625 0.96916
9.6875 0.969184
9.96875 0.969208
10 0.96928
10.0625 0.969304
10.0938 0.969352
10.125 0.969376
10.1562 0.969664
10.3125 0.969688
10.5 0.97209
10.5625 0.972114
10.6875 0.972186
10.875 0.97221
10.9375 0.976942
11.25 0.97699
11.2812 0.977014
11.375 0.977038
11.5 0.97711
11.625 0.977134
11.7188 0.977158
11.8125 0.977206
11.875 0.977278
12 0.979296
12.1875 0.979344
12.5 0.97944
12.6562 0.979488
12.6875 0.979536
12.75 0.979608
13 0.979632
13.0625 0.97968
13.125 0.979704
13.2812 0.982394
13.5 0.982442
13.75 0.98249
13.8125 0.982538
14 0.982586
14.0625 0.984988
14.25 0.985036
14.375 0.98506
14.5 0.985084
14.5312 0.985108
14.8438 0.987822
14.875 0.987895
15 0.987967
15.4062 0.987991
15.4375 0.988015
15.5 0.988087
16 0.988111
16.3125 0.988135
17.0625 0.988183
17.5 0.988207
17.8125 0.988231
17.875 0.988255
18 0.988375
18.125 0.988399
18.375 0.988663
18.5625 0.988687
18.75 0.988735
19 0.988759
19.5 0.988807
19.6875 0.991233
20 0.991305
20.25 0.991329
21 0.994139
21.75 0.994163
22 0.994187
22.3125 0.994259
22.75 0.994308
23.25 0.994332
24 0.994356
24.5 0.994404
24.75 0.994428
25 0.994452
25.375 0.994476
25.5 0.9945
26 0.994548
26.25 0.994572
26.5625 0.994596
27 0.99462
27.5 0.994644
28 0.994668
28.125 0.994716
28.5 0.994764
32 0.99707
32.9375 0.997118
33.25 0.997142
33.75 0.997166
34 0.997214
36 0.99731
36.8125 0.997334
38 0.997382
38.25 0.997406
38.5 0.99743
39 0.997454
40 0.99755
42 0.997598
44 0.997718
46 0.997742
47.5 0.997766
48 0.997838
51.75 0.997886
52 0.997958
52.25 0.998006
52.5 0.99803
54 0.998078
55 0.998127
56 0.998199
59.5 0.998271
60 0.998319
61.625 0.998343
64 0.998391
66.5 0.998415
68 0.998655
69.75 0.998679
71.5 0.998703
76 0.998895
80 0.998919
80.75 0.998943
81.25 0.998967
82.5 0.998991
85 0.999015
85.5 0.999039
87.5 0.999063
90 0.999087
93.75 0.999135
100 0.999183
108 0.999231
112 0.999279
114 0.999327
116.25 0.999376
120 0.9994
128 0.999448
136 0.999472
137.75 0.999496
150 0.99952
153 0.999568
187.5 0.999832
212.5 0.999856
250 0.99988
408 0.999904
442 0.999928
612 0.999952
1296 0.999976
1400 1
