0 0.0510613
0.0078125 0.0540157
0.015625 0.0769515
0.0234375 0.0824911
0.03125 0.117206
0.0390625 0.120316
0.046875 0.144107
0.0546875 0.149141
0.0625 0.186266
0.0703125 0.191903
0.078125 0.213244
0.0859375 0.216316
0.09375 0.263917
0.101562 0.268446
0.109375 0.28349
0.117188 0.292159
0.125 0.324813
0.132812 0.327651
0.140625 0.349926
0.148438 0.354436
0.15625 0.387051
0.164062 0.392085
0.171875 0.41195
0.1875 0.446606
0.195312 0.44684
0.203125 0.460193
0.210938 0.464741
0.21875 0.500369
0.226562 0.500428
0.234375 0.523499
0.242188 0.523519
0.25 0.560216
0.257812 0.562937
0.265625 0.580625
0.273438 0.581267
0.28125 0.615554
0.296875 0.6312
0.304688 0.636934
0.3125 0.653573
0.328125 0.657071
0.34375 0.672912
0.351562 0.677947
0.375 0.697423
0.382812 0.697889
0.390625 0.698161
0.398438 0.700785
0.40625 0.71995
0.421875 0.723624
0.429688 0.723857
0.4375 0.740107
0.445312 0.742847
0.453125 0.742867
0.46875 0.759816
0.484375 0.759855
0.492188 0.760049
0.5 0.776046
0.507812 0.779875
0.515625 0.784093
0.53125 0.799895
0.546875 0.802791
0.5625 0.821859
0.585938 0.824269
0.59375 0.840266
0.601562 0.840383
0.609375 0.841043
0.625 0.84151
0.632812 0.841626
0.65625 0.846894
0.664062 0.847108
0.679688 0.847147
0.6875 0.849829
0.703125 0.851092
0.710938 0.8536
0.726562 0.853619
0.742188 0.855388
0.75 0.856651
0.765625 0.856904
0.773438 0.85706
0.78125 0.857273
0.796875 0.85809
0.8125 0.860286
0.820312 0.862483
0.84375 0.865534
0.859375 0.865865
0.875 0.866234
0.890625 0.866875
0.898438 0.866934
0.90625 0.867011
0.914062 0.867147
0.929688 0.867517
0.9375 0.869441
0.945312 0.869752
0.984375 0.872143
1 0.872357
1.01562 0.872687
1.03125 0.873095
1.03906 0.873464
1.05469 0.875777
1.0625 0.875933
1.07812 0.875972
1.09375 0.876283
1.11719 0.876516
1.125 0.882542
1.13281 0.88258
1.14844 0.884582
1.17188 0.888528
1.1875 0.888625
1.19531 0.888703
1.20312 0.888975
1.21875 0.890666
1.25 0.893193
1.25781 0.893213
1.26562 0.898519
1.28906 0.898733
1.3125 0.898849
1.32031 0.898908
1.32812 0.899199
1.33594 0.899335
1.35938 0.899394
1.36719 0.899413
1.375 0.899568
1.40625 0.900074
1.42188 0.902329
1.4375 0.902348
1.45312 0.902367
1.46094 0.902426
1.47656 0.902503
1.48438 0.904642
1.5 0.90713
1.52344 0.910745
1.53125 0.910842
1.54688 0.912922
1.5625 0.913077
1.58594 0.913136
1.59375 0.913252
1.625 0.915624
1.63281 0.918034
1.64062 0.919725
1.6875 0.924409
1.71875 0.924467
1.72656 0.924506
1.75 0.924623
1.75781 0.924662
1.78125 0.924798
1.79688 0.924837
1.80469 0.926392
1.8125 0.926508
1.82812 0.930746
1.85938 0.930823
1.875 0.932456
1.89062 0.932476
1.92969 0.932748
1.95312 0.932942
1.96875 0.933039
1.99219 0.933136
2 0.933292
2.03125 0.933311
2.03906 0.933331
2.0625 0.933428
2.07812 0.934963
2.10938 0.938482
2.125 0.938579
2.13281 0.938637
2.14844 0.938676
2.15625 0.938715
2.1875 0.938773
2.22656 0.9413
2.25 0.943185
2.26562 0.943263
2.29688 0.944838
2.32031 0.944876
2.33594 0.944896
2.34375 0.945012
2.375 0.945129
2.42188 0.945168
2.4375 0.945421
2.46094 0.94544
2.49219 0.945498
2.5 0.945576
2.51562 0.945596
2.53125 0.947306
2.57812 0.947364
2.625 0.947636
2.64062 0.947675
2.65625 0.947734
2.67188 0.947773
2.69531 0.947792
2.71875 0.94785
2.74219 0.949911
2.75 0.949949
2.78906 0.949988
2.8125 0.950183
2.82031 0.950202
2.84375 0.950222
2.875 0.95028
2.90625 0.950299
2.92188 0.950319
2.94531 0.950377
2.95312 0.952748
2.96875 0.952768
3 0.954867
3.04688 0.954906
3.0625 0.954945
3.11719 0.957161
3.125 0.957258
3.17188 0.957316
3.25 0.957355
3.28125 0.957413
3.32031 0.957472
3.375 0.957685
3.39844 0.957763
3.41406 0.957783
3.4375 0.957821
3.45312 0.95788
3.5 0.958016
3.51562 0.958035
3.5625 0.958132
3.58594 0.960135
3.59375 0.960154
3.625 0.960212
3.71094 0.960251
3.71875 0.96029
3.75 0.960387
3.79688 0.960426
3.85156 0.960484
3.85938 0.960543
3.875 0.96064
3.90625 0.960659
3.9375 0.962875
3.98438 0.962895
4 0.963186
4.00781 0.963244
4.0625 0.963283
4.07812 0.9634
4.125 0.963419
4.15625 0.963458
4.21875 0.963555
4.25 0.963594
4.26562 0.963614
4.29688 0.963633
4.30469 0.963672
4.3125 0.963691
4.35938 0.963711
4.375 0.963789
4.45312 0.963808
4.46875 0.963828
4.5 0.964139
4.51562 0.964158
4.60156 0.964177
4.64062 0.966199
4.6875 0.966296
4.75 0.966432
4.78125 0.96649
4.8125 0.96651
4.875 0.966529
4.92188 0.966588
5 0.966704
5.03125 0.966724
5.0625 0.966937
5.15625 0.966957
5.25 0.966996
5.28125 0.967015
5.3125 0.967054
5.32812 0.967074
5.34375 0.967132
5.4375 0.967151
5.5 0.96721
5.57812 0.967229
5.625 0.967307
5.6875 0.967346
5.75 0.967385
5.84375 0.967423
5.90625 0.967676
5.9375 0.967696
6 0.967812
6.09375 0.96787
6.125 0.96789
6.25 0.967929
6.29688 0.967948
6.32812 0.967968
6.375 0.968007
6.46875 0.968045
6.5 0.968084
6.5625 0.968123
6.75 0.968454
6.78125 0.968473
6.875 0.968531
6.90625 0.968551
7 0.968629
7.03125 0.968648
7.125 0.968706
7.21875 0.968726
7.25 0.968803
7.26562 0.968823
7.3125 0.968862
7.4375 0.968881
7.5 0.969017
7.59375 0.969056
7.70312 0.969095
7.71875 0.969134
7.75 0.969153
7.8125 0.969173
7.875 0.969289
7.90625 0.969328
7.96875 0.969348
8 0.969425
8.01562 0.969464
8.15625 0.969503
8.25 0.969523
8.3125 0.969561
8.4375 0.96962
8.5 0.969659
8.60938 0.969678
8.625 0.969698
8.75 0.969717
8.90625 0.969736
8.9375 0.969775
9 0.969872
9.1875 0.969911
9.20312 0.969931
9.28125 0.96995
9.34375 0.96997
9.375 0.972205
9.5 0.972283
9.625 0.972322
9.6875 0.972341
9.75 0.97238
9.84375 0.972399
10 0.972477
10.0625 0.972497
10.125 0.972555
10.1562 0.972594
10.3125 0.972613
10.5 0.972652
10.5625 0.972691
10.625 0.97271
10.6875 0.972944
10.875 0.972963
10.9375 0.973352
10.9688 0.973371
11 0.973449
11.25 0.973546
11.2812 0.973566
11.375 0.973604
11.625 0.973624
11.7188 0.976753
11.7812 0.976773
11.8125 0.978988
11.875 0.979027
12 0.97928
12.1875 0.979299
12.25 0.979319
12.375 0.979338
12.4688 0.979358
12.5 0.981768
12.6562 0.981846
12.6875 0.981865
12.9375 0.981904
13 0.982021
13.0625 0.98204
13.125 0.982098
13.75 0.982118
13.8125 0.982137
14 0.982157
14.0625 0.982176
14.25 0.982215
14.4375 0.982254
14.5 0.982312
14.8438 0.982371
14.875 0.982409
15 0.982487
15.4375 0.982526
15.5 0.982545
15.75 0.982837
16 0.982895
16.875 0.982934
17 0.982973
17.0625 0.983012
17.1875 0.983051
17.2188 0.98307
17.5 0.98309
18 0.983129
18.0625 0.983148
18.125 0.983167
18.375 0.984722
18.4062 0.984742
19 0.98482
19.5 0.984839
19.6875 0.984858
19.9375 0.984878
20 0.984956
20.25 0.984995
20.3125 0.985169
20.625 0.985228
21 0.985267
21.875 0.985344
22.3125 0.987346
23.25 0.987366
23.625 0.98756
24 0.988007
24.5 0.988027
24.9375 0.991623
25 0.991642
25.3125 0.991661
26 0.9917
26.25 0.99172
27 0.991739
27.3125 0.991759
28 0.991798
28.125 0.991817
28.6875 0.991856
29 0.991875
30 0.991914
31.5 0.991934
32 0.992031
32.5 0.99205
33.25 0.99207
34 0.992109
36 0.994188
36.125 0.994208
37.5 0.994227
38 0.994247
38.5 0.994266
38.75 0.994285
40 0.994383
40.25 0.994402
42.25 0.994422
42.75 0.99448
44 0.994519
45 0.994538
45.5 0.994558
48 0.994616
50.375 0.994635
52 0.996871
52.25 0.99689
54 0.996929
55 0.996948
55.25 0.996968
56 0.998387
57 0.998406
59.375 0.998426
59.5 0.998445
60 0.998503
63 0.998542
64 0.998659
66 0.998698
68 0.998756
68.75 0.998775
71.25 0.998834
72 0.998873
72.25 0.998892
72.5 0.998912
73.625 0.998931
75 0.998989
76 0.999086
76.5 0.999106
77 0.999125
80 0.999145
80.75 0.999164
84 0.999184
88 0.999223
91 0.999242
95 0.999261
96 0.999281
97.5 0.9993
103.5 0.999339
104.5 0.999359
108 0.999378
112 0.999417
116.25 0.999436
117 0.999456
120 0.999495
127.5 0.999514
128 0.999534
136 0.999553
142.5 0.999572
152 0.999592
153 0.999611
161.5 0.999631
168 0.99965
192 0.99967
200 0.999708
360 0.999747
384 0.999786
408 0.999806
512 0.999825
544 0.999845
576 0.999864
640 0.999883
768 0.999942
832 0.999961
896 0.999981
1024 1
