2863311530 57.3407
2290649224 4.6026
613566756 3.40933
2454267026 2.59962
1075843080 2.59962
138547332 2.34392
1227133513 2.27999
2181570690 2.08822
554189328 1.87513
2155905152 1.83252
136348168 1.7899
1108378657 1.25719
1082196484 1.04411
8392706 1.0228
67637280 0.958875
537395712 0.831025
134250504 0.745792
8396808 0.617942
134225920 0.554017
8390656 0.532708
134234114 0.5114
1048584 0.468783
2148008064 0.447475
33587232 0.426167
2147516416 0.38355
134221824 0.38355
33620096 0.340933
277094664 0.319625
536887296 0.298317
4194304 0.2557
131072 0.2557
67117057 0.234392
262144 0.234392
16785412 0.213083
8389120 0.191775
8192 0.191775
537921540 0.191775
1048576 0.191775
67240192 0.170467
2149582850 0.170467
2097152 0.170467
1048704 0.170467
8388608 0.149158
524288 0.149158
33570824 0.149158
33555456 0.149158
134217728 0.149158
67108864 0.12785
33558528 0.12785
2216757314 0.12785
2097160 0.12785
65536 0.106542
541098242 0.106542
33554432 0.106542
268435456 0.106542
2098176 0.106542
135274560 0.106542
134217856 0.106542
536903682 0.0852333
536870912 0.0852333
524352 0.0852333
524320 0.0852333
4196353 0.0852333
16777248 0.0852333
16 0.0852333
8388864 0.063925
8388610 0.063925
67141648 0.063925
545392672 0.063925
262146 0.063925
2097408 0.063925
2048 0.063925
1073742336 0.063925
1024 0.063925
32768 0.0426167
1073741824 0.0426167
1 0.0426167
4096 0.0213083
268468228 0.0213083
268435464 0.0213083
2 0.0213083
134348928 0.0213083
