4 8 12 16 20 24 28 32 36
8 16 24 32 40 48 56 64 72
12 24 36 48 60 72 84 96 108
16 32 48 64 80 96 112 128 144
20 40 60 80 100 120 140 160 180
24 48 72 96 120 144 168 192 216
28 56 84 112 140 168 196 224 252
32 64 96 128 160 192 224 256 288
36 72 108 144 180 216 252 288 324
40 80 120 160 200 240 280 320 360
44 88 132 176 220 264 308 352 396
48 96 144 192 240 288 336 384 432
52 104 156 208 260 312 364 416 468
56 112 168 224 280 336 392 448 504
60 120 180 240 300 360 420 480 540
64 128 192 256 320 384 448 512 576
68 136 204 272 340 408 476 544 612
72 144 216 288 360 432 504 576 648
76 152 228 304 380 456 532 608 684
80 160 240 320 400 480 560 640 720
84 168 252 336 420 504 588 672 756
88 176 264 352 440 528 616 704 792
92 184 276 368 460 552 644 736 828
96 192 288 384 480 576 672 768 864
100 200 300 400 500 600 700 800 900
104 208 312 416 520 624 728 832 936
108 216 324 432 540 648 756 864 972
112 224 336 448 560 672 784 896 1008
116 232 348 464 580 696 812 928 1044
120 240 360 480 600 720 840 960 1080
124 248 372 496 620 744 868 992 1116
128 256 384 512 640 768 896 1024 1152
136 272 408 544 680 816 952 1088 1224
144 288 432 576 720 864 1008 1152 1296
152 304 456 608 760 912 1064 1216 1368
160 320 480 640 800 960 1120 1280 1440
168 336 504 672 840 1008 1176 1344 1512
176 352 528 704 880 1056 1232 1408 1584
184 368 552 736 920 1104 1288 1472 1656
192 384 576 768 960 1152 1344 1536 1728
200 400 600 800 1000 1200 1400 1600 1800
208 416 624 832 1040 1248 1456 1664 1872
216 432 648 864 1080 1296 1512 1728 1944
224 448 672 896 1120 1344 1568 1792 2016
232 464 696 928 1160 1392 1624 1856 2088
240 480 720 960 1200 1440 1680 1920 2160
248 496 744 992 1240 1488 1736 1984 2232
256 512 768 1024 1280 1536 1792 2048 2304
272 544 816 1088 1360 1632 1904 2176 2448
288 576 864 1152 1440 1728 2016 2304 2592
304 608 912 1216 1520 1824 2128 2432 2736
320 640 960 1280 1600 1920 2240 2560 2880
336 672 1008 1344 1680 2016 2352 2688 3024
352 704 1056 1408 1760 2112 2464 2816 3168
368 736 1104 1472 1840 2208 2576 2944 3312
384 768 1152 1536 1920 2304 2688 3072 3456
400 800 1200 1600 2000 2400 2800 3200 3600
416 832 1248 1664 2080 2496 2912 3328 3744
432 864 1296 1728 2160 2592 3024 3456 3888
448 896 1344 1792 2240 2688 3136 3584 4032
464 928 1392 1856 2320 2784 3248 3712 4176
480 960 1440 1920 2400 2880 3360 3840 4320
496 992 1488 1984 2480 2976 3472 3968 4464
512 1024 1536 2048 2560 3072 3584 4096 4608
544 1088 1632 2176 2720 3264 3808 4352 4896
576 1152 1728 2304 2880 3456 4032 4608 5184
608 1216 1824 2432 3040 3648 4256 4864 5472
640 1280 1920 2560 3200 3840 4480 5120 5760
672 1344 2016 2688 3360 4032 4704 5376 6048
704 1408 2112 2816 3520 4224 4928 5632 6336
736 1472 2208 2944 3680 4416 5152 5888 6624
768 1536 2304 3072 3840 4608 5376 6144 6912
800 1600 2400 3200 4000 4800 5600 6400 7200
832 1664 2496 3328 4160 4992 5824 6656 7488
864 1728 2592 3456 4320 5184 6048 6912 7776
896 1792 2688 3584 4480 5376 6272 7168 8064
928 1856 2784 3712 4640 5568 6496 7424 8352
960 1920 2880 3840 4800 5760 6720 7680 8640
992 1984 2976 3968 4960 5952 6944 7936 8928
1024 2048 3072 4096 5120 6144 7168 8192 9216
1088 2176 3264 4352 5440 6528 7616 8704 9792
1152 2304 3456 4608 5760 6912 8064 9216 10368
1216 2432 3648 4864 6080 7296 8512 9728 10944
1280 2560 3840 5120 6400 7680 8960 10240 11520
1344 2688 4032 5376 6720 8064 9408 10752 12096
1408 2816 4224 5632 7040 8448 9856 11264 12672
1472 2944 4416 5888 7360 8832 10304 11776 13248
1536 3072 4608 6144 7680 9216 10752 12288 13824
1600 3200 4800 6400 8000 9600 11200 12800 14400
1664 3328 4992 6656 8320 9984 11648 13312 14976
1728 3456 5184 6912 8640 10368 12096 13824 15552
1792 3584 5376 7168 8960 10752 12544 14336 16128
1856 3712 5568 7424 9280 11136 12992 14848 16704
1920 3840 5760 7680 9600 11520 13440 15360 17280
1984 3968 5952 7936 9920 11904 13888 15872 17856
2048 4096 6144 8192 10240 12288 14336 16384 18432
2176 4352 6528 8704 10880 13056 15232 17408 19584
2304 4608 6912 9216 11520 13824 16128 18432 20736
2432 4864 7296 9728 12160 14592 17024 19456 21888
2560 5120 7680 10240 12800 15360 17920 20480 23040
2688 5376 8064 10752 13440 16128 18816 21504 24192
2816 5632 8448 11264 14080 16896 19712 22528 25344
2944 5888 8832 11776 14720 17664 20608 23552 26496
3072 6144 9216 12288 15360 18432 21504 24576 27648
3200 6400 9600 12800 16000 19200 22400 25600 28800
3328 6656 9984 13312 16640 19968 23296 26624 29952
3456 6912 10368 13824 17280 20736 24192 27648 31104
3584 7168 10752 14336 17920 21504 25088 28672 32256
3712 7424 11136 14848 18560 22272 25984 29696 33408
3840 7680 11520 15360 19200 23040 26880 30720 34560
3968 7936 11904 15872 19840 23808 27776 31744 35712
4096 8192 12288 16384 20480 24576 28672 32768 36864
4352 8704 13056 17408 21760 26112 30464 34816 39168
4608 9216 13824 18432 23040 27648 32256 36864 41472
4864 9728 14592 19456 24320 29184 34048 38912 43776
5120 10240 15360 20480 25600 30720 35840 40960 46080
5376 10752 16128 21504 26880 32256 37632 43008 48384
5632 11264 16896 22528 28160 33792 39424 45056 50688
5888 11776 17664 23552 29440 35328 41216 47104 52992
6144 12288 18432 24576 30720 36864 43008 49152 55296
6400 12800 19200 25600 32000 38400 44800 51200 57600
6656 13312 19968 26624 33280 39936 46592 53248 59904
6912 13824 20736 27648 34560 41472 48384 55296 62208
7168 14336 21504 28672 35840 43008 50176 57344 64512
7424 14848 22272 29696 37120 44544 51968 59392 66816
7680 15360 23040 30720 38400 46080 53760 61440 69120
7936 15872 23808 31744 39680 47616 55552 63488 71424
8192 16384 24576 32768 40960 49152 57344 65536 73728
8704 17408 26112 34816 43520 52224 60928 69632 78336
9216 18432 27648 36864 46080 55296 64512 73728 82944
9728 19456 29184 38912 48640 58368 68096 77824 87552
10240 20480 30720 40960 51200 61440 71680 81920 92160
10752 21504 32256 43008 53760 64512 75264 86016 96768
11264 22528 33792 45056 56320 67584 78848 90112 101376
11776 23552 35328 47104 58880 70656 82432 94208 105984
12288 24576 36864 49152 61440 73728 86016 98304 110592
12800 25600 38400 51200 64000 76800 89600 102400 115200
13312 26624 39936 53248 66560 79872 93184 106496 119808
13824 27648 41472 55296 69120 82944 96768 110592 124416
14336 28672 43008 57344 71680 86016 100352 114688 129024
14848 29696 44544 59392 74240 89088 103936 118784 133632
15360 30720 46080 61440 76800 92160 107520 122880 138240
15872 31744 47616 63488 79360 95232 111104 126976 142848
16384 32768 49152 65536 81920 98304 114688 131072 147456
17408 34816 52224 69632 87040 104448 121856 139264 156672
18432 36864 55296 73728 92160 110592 129024 147456 165888
19456 38912 58368 77824 97280 116736 136192 155648 175104
20480 40960 61440 81920 102400 122880 143360 163840 184320
21504 43008 64512 86016 107520 129024 150528 172032 193536
22528 45056 67584 90112 112640 135168 157696 180224 202752
23552 47104 70656 94208 117760 141312 164864 188416 211968
24576 49152 73728 98304 122880 147456 172032 196608 221184
25600 51200 76800 102400 128000 153600 179200 204800 230400
26624 53248 79872 106496 133120 159744 186368 212992 239616
27648 55296 82944 110592 138240 165888 193536 221184 248832
28672 57344 86016 114688 143360 172032 200704 229376 258048
29696 59392 89088 118784 148480 178176 207872 237568 267264
30720 61440 92160 122880 153600 184320 215040 245760 276480
31744 63488 95232 126976 158720 190464 222208 253952 285696
32768 65536 98304 131072 163840 196608 229376 262144 294912
34816 69632 104448 139264 174080 208896 243712 278528 313344
36864 73728 110592 147456 184320 221184 258048 294912 331776
38912 77824 116736 155648 194560 233472 272384 311296 350208
40960 81920 122880 163840 204800 245760 286720 327680 368640
43008 86016 129024 172032 215040 258048 301056 344064 387072
45056 90112 135168 180224 225280 270336 315392 360448 405504
47104 94208 141312 188416 235520 282624 329728 376832 423936
49152 98304 147456 196608 245760 294912 344064 393216 442368
51200 102400 153600 204800 256000 307200 358400 409600 460800
53248 106496 159744 212992 266240 319488 372736 425984 479232
55296 110592 165888 221184 276480 331776 387072 442368 497664
57344 114688 172032 229376 286720 344064 401408 458752 516096
59392 118784 178176 237568 296960 356352 415744 475136 534528
61440 122880 184320 245760 307200 368640 430080 491520 552960
63488 126976 190464 253952 317440 380928 444416 507904 571392
65536 131072 196608 262144 327680 393216 458752 524288 589824
69632 139264 208896 278528 348160 417792 487424 557056 626688
73728 147456 221184 294912 368640 442368 516096 589824 663552
77824 155648 233472 311296 389120 466944 544768 622592 700416
81920 163840 245760 327680 409600 491520 573440 655360 737280
86016 172032 258048 344064 430080 516096 602112 688128 774144
90112 180224 270336 360448 450560 540672 630784 720896 811008
94208 188416 282624 376832 471040 565248 659456 753664 847872
98304 196608 294912 393216 491520 589824 688128 786432 884736
102400 204800 307200 409600 512000 614400 716800 819200 921600
106496 212992 319488 425984 532480 638976 745472 851968 958464
110592 221184 331776 442368 552960 663552 774144 884736 995328
114688 229376 344064 458752 573440 688128 802816 917504 1032192
118784 237568 356352 475136 593920 712704 831488 950272 1069056
122880 245760 368640 491520 614400 737280 860160 983040 1105920
126976 253952 380928 507904 634880 761856 888832 1015808 1142784
