8
16
24
32
40
48
56
64
72
80
88
96
104
112
120
128
136
144
152
160
168
176
184
192
200
208
216
224
232
240
248
256
272
288
304
320
336
352
368
384
400
416
432
448
464
480
496
512
544
576
608
640
672
704
736
768
800
832
864
896
928
960
992
1024
1088
1152
1216
1280
1344
1408
1472
1536
1600
1664
1728
1792
1856
1920
1984
2048
2176
2304
2432
2560
2688
2816
2944
3072
3200
3328
3456
3584
3712
3840
3968
4096
4352
4608
4864
5120
5376
5632
5888
6144
6400
6656
6912
7168
7424
7680
7936
8192
8704
9216
9728
10240
10752
11264
11776
12288
12800
13312
13824
14336
14848
15360
15872
16384
17408
18432
19456
20480
21504
22528
23552
24576
25600
26624
27648
28672
29696
30720
31744
32768
34816
36864
38912
40960
43008
45056
47104
49152
51200
53248
55296
57344
59392
61440
63488
65536
69632
73728
77824
81920
86016
90112
94208
98304
102400
106496
110592
114688
118784
122880
126976
131072
139264
147456
155648
163840
172032
180224
188416
196608
204800
212992
221184
229376
237568
245760
253952
