25754
1230635
1176689
929850
2799
4506
2223
7494
2892
3105
3966
6863
3628
629324
2840
1730218
1691
3502
28651
1379
2753
892
2154
2183
3125
2174
752296
855011
805546
886358
3646
6119
750051
2684
52010446
6645
1753
4196
3157
771492
761407
3720
3492
2026
744092
11249729
3970
759846
88227
743287
22119
771059
2495
2799
12302
666248
4913
345434
1752
1868
839139
733370
32983
1864
609776
11389
1653
2292
3752
2264
784813
2625
3063
108954
4026
1516
1618
1168910
4620
1028
744
5799
3121
18918
18810
1904
1749
1471
2439
561
5721
3015
5183
1402873
3119
7034
1503
1263
922
1497375
1440392
5433
1107692
2913
2260
1586
2939
1297127
2563
956
3207
13512
4779
2884
41413
1241
2706
1747
1217884
2477
959
3169
3235
936
1714
5578
4281
5533
926613
11056
9271
4222
3424
1969
1280823
1633
1625
18415
399
2569
1222
1771
2445
1293210
2377
2527
53966
4378
6279
3474
1923
1158
3551
536
22373
1341
5919
2503
2737
3774
1675
2538
2122
2289
1944
2745
4346
3858
8973
1006
1591
16677
12834
2143
1964
4089
5939
8310
3040
1359
1364203
1354301
5919
2628
2545
65070
10158
4149
8707
1614
54655
73516
1697
96364
4606
9067
104831
49241
12213
1182828
6659
996
214324
9393
155214
2091
5672
11205
3282
1639379
148785
1011759
1455
1527
2356
7425
10747
2302
2321
3721
8370
3923
9706
1740
9617
3221
3796
5162
3201
5199
3932
2400
11512
1126
1329
2404
4366
1940
4465
2967
3332
3314
2251
4310
1088
1853
3025
1289362
2519
4032
1222895
2627
2975
5919
827
2772
2074
3417
2708
1941
1529809
9760
2069
6511
3066
7273
3795
4458
3214
1073493
3292
1003
3011
9143
1997
5234
5150
875
1358559
1481776
4033
4247
2023
965675
6823
6958
1396
1404
6171
2678
5163
2255
831546
5023
4632
1454231
573
1400851
4450
2877
1277
488
1279522
1054
3807
3042
401
1902
3374
1134294
4388
8612
542
10467
432
1253795
21456
