1125
1804722
1213
1388
2463
1988
2304
1562809
3393
26499
4034
1464285
5137
3024
13844
6452
1510117
5017
5948
4870
4183
1563
125300
575
1291
799969
9275
406
2973
788585
1870914
12141
175197
1852295
7669
431
12332
4360
62791
80344
1315283
5237
134474
2572
2752
1511790
952259
73975
1965
1459
2090
2711
2610
2528
9806
3518
12331
4923
2007
10569
1572018
1559
7027
7374
11869
8415
695015
2605
2306
1353
9162
4201
9328
4337
3854
546
1404
2765
2913
4550
3817
3038
895680
4752
1782
990
1060
12477
1224
3330
2059
10043
1634
5170
2178
2576
3087
1840
6491
6089
1879
9133
4962
1636
6062
1536
216679
1507
1364
2520
2732
3111
1427
1718
695
2689
3053
2687
2705
4133
1819
1389169
1645
895
2220
1322
664
5182
2576
3950
3137
1124
2967
3355
4498
3716
10386
4004
3547
1334
4360
37712
12790
3613
1289494
78838
1882737
5357
36281
1351434
1463371
6041
2946
1537533
1631856
1509305
3235
1526312
1580248
1552150
1528353
12848
13537
8278
14892
6303
13781
875
3383
6163
4038
14070
14120
5847
1738
7283
12602
5026
2916
4207
6477
11720
1138
2604
1037
13328
2324
10803
13131
7885
3598
6884
10893
11660
12065
12411
2375
2762
2104
2667
13043
6192
4508
2519
2629
2589
11877
1551
4309
12757
2095
5697
4593
3626
13345
3921
3664
1325
2285
3647
12849
11711
2203
12685
5962
12423
2204
4574
11645
1083
2710
1535
3667
10712
10631
10434
2754
2952
3374
3638
1763
3476
7116
12790
4522
12466
12426
11727
4996
12254
98874
12865
10139
2681
2239
1989
12513
16504
14764
12162
13587
12362
11825
4587
14781
10844
12275
12700
3167
2705
6208
12238
1861
13647
1144
3223
10363
11338
11802
12760
3663
11437
10752
1340
12259
12017
9297
1639
15481
8159
11006
1767
12977
2627
1810
12371
821
5818
3901
3391
14119
11830
2713
2274
1197
12863
1229475
1352381
3685
12805
4223
4203
5290
4010
24944
1257479
628
1134033
1105877
3824
998935
1127
3603
4144
2328
1282731
531
26098
2847
2117
23563
29970
2092
2493
4625
1262509
3582
3753
3572
1330
738
1212437
21493
11157
2465
11450
1350280
27699
29108
5587
1199
1334713
1742
4650
2909
1425087
4377
12584
1201722
1227601
1198025
1128
8705
1300811
6165
2981
6135
25709
1122334
1651
11247
16012
10058
1464
1166432
1313869
2013
1325928
2780
961
1061122
24507
1375294
1293057
12239
1124206
10540
3029
9324
1323791
4026
2825
12257
2206
618
3483
1962
924
1493322
1403107
1254918
38377
12359
1113659
1089569
1091522
920803
47157
2176
1046068
4629
4904
2172
40991
21611
1328117
6007
5138
4810
3349
3047
5142
2482
1023546
3354
923
3800
257
3990
2790
3210
1244455
3413
9778
2559
12064
1246
30049
2726
4037
8819
1099020
1545
1989
2652
704
904
1391539
5892
1495387
3096253
3445
1380332
8696
2686
906901
5259
4362
62605
3819
3194
10670
7695
1542
2916
3252
3322
38902
1803
1289
1263293
5116
1717788
11915
3963
10941
4149
1723
1196
4524
1534181
12688
8793
3512
3254
2085
37906
2779
6258
8437
4933
1279
7547
1597
1640
1863
2884
2125
2175
6765
7617
578
1668
8359
1586
6312
1430
12958
11680
2415
10778
2338
3479
3200
10406
4495
1535
1983
2247
3091
3869
13617
3436
3902
2982
2127
1669
749
1438
3084
2395
4870
1922
1306
2215
3869
1148
5999
4329
4657
6791
615
843
3501
11534
5511
3615
1555
6821
4029
3597
2492
4223
1131
2504
1788
3275
2264
298
2394
2964
2224
5648
1645165
5704
6889
4236
4755
2545
17749
2816
12361
6560
1427231
1712866
5534
1722705
1581572
1279630
31676
1369823
1304808
1566988
1329931
1576299
2673
3299
5614
5878
6202
2665
4834
1186
13379
2464
8963
2821
2053
5299
432
7132
12869
3393
4869
11572
12703
13595
2530
12278
1246
7320
10925
3853
1030
13833
2598
13190
4345
10181
5429
3460
3775
13743
2911
2705
1777
5275
10091
7260
719
2339
1539
9724
3027
2778
11088
1758
13847
12331
5932
1380
3240
13246
567
11379
13210
11118
12573
12287
14249
10005
2160
2217
2515
13814
11955
10394
9479
1474
12617
13138
530
10729
3243
12372
9699
1400
11565
4504
13284
3493
994
7093
2486
1076
13382
13775
11770
2277
4127
1198
11554
14158
1592
4570
883
1682
1370
3369
1088
3143
2747
6040
1512
3475
3331
12343
4368
9237
12996
4837
11884
3435
5805
14835
3699
13460
14788
13840
700
4254
11451
10588
1371
4721
12431
4247
10802
14027
8919
3666
4251
12484
1841
13323
11832
8735
1800
15766
2434
2942
1264
4462
1392
12425
3753
14050
11780
4579
13311
4122
8802
479
2079
2793
1221935
3276
2721
9217
4103
24074
2482
5131
2819
4204
3027
1839
5373
1301622
1827
1375650
1445
4633
5743
12313
1436349
1791
1352944
17478
2384
2572
4908
1210213
651
2268
4786
1226822
1267180
1418352
4683
4514
4284
10584
941478
1300505
1347
11003
1155902
4978
2095
3878
3080
4906
1245337
4985
2937
2299
1361419
1426260
1187497
1421
1167829
1061509
1426896
1542
1260079
1277688
1293805
988
4837
5511
1173311
1403683
1131161
2496
3058
10789
705
812823
2828
1062
11061
2037
530763
8305
1175326
1337646
1272473
11800
1167323
1047
2718
3803
1225541
4661
3791
1806
357665
1896
1176
929
4013
35935
4466
13326
761
1322184
1340355
2091
2993
2180
2204
21082
3791
2374
2401
8363
3578
1341855
1145632
5455
1426406
1374410
4967
3209
3922
3030
876
7703
10008
