2792
2169
2926
2939
2511
23448
83048
11206
887
10812
4149
1615509
4160390
4065
3935
1377324
9139
3099
11966
48703
3888
8490
7601
1619
4512
757
1401
18316
1218870
76006
1076282
8383
40542
3250
5030
1723
5340
22444
12697
11899
4200
6152
6241
13471
4441
142760
44037
3217
9943
13050
11142
3246
3631
3495
2830
8396
8068
9173
1479318
1384041
7355
1357
1330
3748
896
1751
9096
2200
8132
2526
2323
9327
2048
5118
7887
4538
1004
1823
1131
4025
1938
1843
3917
15019
15296
4413
1762
790
1840
5670
18619
5609
2904
2412
3353
1632
809
4258
654
22338
1115999
1457
4028
1500
4016
2451
1196
694
11141
1658
2890
3445
3450
2924
70432
2754
13317
5781
1375
2418
1042
5125
3975
2673
2839
29010
4528
20732
2502
3955
3059
2879
5665
5223
4580
2001
155392
241684
1098
3804
4615
25273
4147
1513752
1380829
1705501
1555
1347740
1246731
5624
1083225
3492
1231811
2152
2917
21562
2351659
24092
1556031
1752625
1349410
1599040
1633519
1614924
1873347
8818
14420
7175
2364
13339
16226
8625
4448
3550
4890
14801
13839
4766
1322233
1420799
15399
4444
14773
4120
932
15166
15286
15990
15219
1055
15339
12849
2384
17601
1327908
4598
3241
2828
11510
12447
15601
4658
11539
52342
53809
1395
1059
12518
3260
10739
3721
2786
12415
2934
4517
4418
15349
13592
2984
3895
14842
2506
2550
954
1095
12170
47800
10629
13970
3058
15169
8276
16898
3998
2443
1845
12533
5456
15422
4303
9058
2501
2362
15416
2704
2808
23864
11106
12678
37855
2001
2968
13884
12323
14234
3906
7153
2821
15016
3736
3291
2527
4765
4707
60538
13194
2489
18878
2446
15487
2392
2567
2947
1794
1918
1991
1224
1636
1734
2402
2035
3297
865
1387
1268
3200
2070
2150
3878
1226
93381
2374
13429
10920
14269
2427
2321
13212
1813
2773
1704
2106
2369
1702
14923
1982
2910
2414
2658
3342
2889
3299
3168
2429
3114
4719
2363
2542
3310
3175
5906
31143
2665
2163
14509
2471
1990
1250
3663
2391
2280
1384
2471
3396
1963
4681
1649
2495
2173
4110
2189
3369
1912
11457
11117
1191
1638
1792
3778
3200
13417
2719
3081
2975
3451
2681
1956
1539
2479
2644
4261
2274
3278
2848
2102
5124
2519
2720
1888
3544
2317
2580
504
2182
2443
2302
2275
2504
2865
2244
1857
2278
2892
2927
2575
903151
17008
2051
5133
1496
3877
2359
4038
2809
14431
2645
3573
2171
3679
2133
2806
6486
12255
14293
1951
5834
915793
2649
13170
2529
2943
25565
2062
2514
1937
12406
1631
6544
2250
1963
1847
2135
6127
1880
2370
3838
2490
3779
2434
1499242
1378971
1533
1421099
1381400
9176
1390883
1527
2597
1481939
1127922
1048911
5378
141844
1340198
1171322
1238417
1286857
4378
3021
2675
3393
1346026
1409961
5014
14533
2077
1215203
1062319
1281982
1112
913270
1429035
1180392
774
1211859
2960
1104024
15120
1227748
1204703
1318890
30684
1377989
1050922
1295816
1373193
1321468
4091
1155858
1369200
3234
1309288
1056192
5039
5628
1158433
1540
67771
3006
2777
17737
1143866
8957
8129
960660
5148
55977
1048841
1190868
3982
2508
2030
1700
5988
1952
13710
1452863
4119
8494
3906
64697
4291
3534
1224
1574
1426087
1390556
9738
10459
3341
1341886
8661
2130694
6088
1359686
1370978
2669086
654994
8982
2004
818309
3349
548504
3100
6599
37152
107389
2472
10900
7440
11632
12376
1588411
3885
12788
4578
2526
2313
3578
2149
2421
14328
11122
11871
6496
1532024
9612
25766
4185
10759
7778
1477
6563
7424
9020
7255
7403
6986
7875
792704
3341
2558
1116
808558
4260
6239
2550
1703
4674
3574
991844
3154
4002
3695
2736
3357
853
1537
1767
3755
2905
2654
3640
1364
20619
4242
1666
16432
1169
4083
3699
1004
1810
2478
2580
4956
4030
1420
4695
3287
2349895
1771
4321
7512
6881
4895
2940
20344
3359
3263
1698
2469
2169
11647
4212
1164229
4132
5424
2808
4080
1640
1471
5019
2945
3501
5633
434767
69044
7898
2076
3471
5715
15469
3507
1526917
1549282
1541702
6148
13724
15004
5222
4268
6206
6214
14380
1688154
10202
2017954
1859700
1608709
1563815
6338
1635081
1652675
1336790
1588050
1719617
9459
13278
1878
5973
1422730
9095
4522
2193
7167
1072712
1255454
22803
17990
2007
13212
14198
2578
18089
3331
3480
14593
14511
73926
46639
15030
14835
44392
13229
2913
4788
1072
1989
2164
8661
2588
15028
12759
12840
3584
2750
3443
13281
3065
3348
2783
5088
3718
8148
13040
56336
2651
4919
2509
12856
12344
1916
2511
12277
3384
7694
2706
13055
2904
16519
3095
2892
9792
2389
15112
2451
8863
1887
11140
3195
1091101
2615
14335
19369
15403
16290
3962
12608
26896
2382
12916
6006
4535
2592
11450
11694
2962
6070
3617
6833
2645
2328
3872
1980
3739
12575
2178
3842
15248
2562
4172
2801
3522
1428
2298
14489
4494
10679
2501
1639
1835
2404
3522
2462
2188
5049
2333
3143
3989
2028
3707
2601
11429
3978
3759
2090
1269
2721
1773
3481
1612
14611
1686
8276
2674
1603
3796
2936
2597
3249
4450
3532
3016
14504
3200
10979
4112
1675
1921
8169
11019
4006
3253
18732
4847
2966
5311
2694
2266
12581
2966
2655
2010
1524
2094
1475
3321
2051
27681
9147
1984
1902
3132
2509
2849
2553
2138
2335
2384
1792
2558
2647
1900
3233
2213
5478
1198
1950
2922
3333
1595
4109
1979
2637
3266
6064
2499
1040
2497
25713
937
3719
1406
3179
14198
4806
3141
2860
4024
1274
817
2630
11810
944
2380
40576
3827
3535
6287
1816
2030
2714
3109
2583
2771
3989
1800
3553
1828
2177
2710
2780
1492
2737
3110
2906
2005
3559
2846
2860
2892
3063
3723
3484
1862
3376
16573
8230
1593608
11640
1211930
13006
9551
10979
2265
2344
3506
3203
14572
2609
5341
3958
2629
1528
1555
1236
11539
1357
4272
1989
7060
5556
2229
1475496
3284
2005
1109892
4228
6355
1247652
3872
13860
4190
936810
1947
1330914
2303
1106482
3092
1136905
2923
848516
12946
1280640
9942
1244704
1411716
1260533
2199
1903
2955
1188931
2819
1357155
13770
1334661
1226277
3843882
2662
1280691
944664
2485
3713
45654
156953
5276
7643
1005204
2011
1889
1249720
1142085
2401
1397422
1201015
3455
2968
1389293
636
1364
1975
3474
1552
1217248
621
1958
1724
2540
2168
2820
2283
1354941
1345612
