10991
5443
6848
1210
2167
9424
4251947
14280
2176905
6854
5237
111903
80889
2196
5150
1298534
1876129
2016652
3006315
10949
8752870
3871
4703
2829
29705
1747042
1359698
4638064
1587550
8275
2826943
4110
10200
3985
2020
3883
985575
1737653
1493
1270
1747
1430370
1220191
1884
13708
12413
12784
12196
2757
5409
16116
2953
14698
13495
2580
2209
12138
850450
12810
11085
5535
2591
10411
2271
4333
4405
3205
2450
4185
1381
2393
2075
2317
2293
6529
1405
6606
1482
2960
1253
7655
3546
8829
20423
4728
2887
2473
13702
1711
4164
7373
17197
3446
1978
3584
4745
1122267
1656
2990
2671
26163
6795
1323
4058
3461
5035
1449
6689
3813
2289
1564
6238
3259
1559
1316
2082
2328
10017
3024
2796
3148
2196
4652
5159
8381
3595
3698
13381
1670
694
1619
5331
2641
10813
1970
1677
1693
3994
1434
5168
3363
2321
5480
1157357
7940
2671
4467
1953
3170
14875
5422
2894
3797
2666
3651
3355
3940
2063
4075
1128923
1622474
1270363
1315075
4183
1192222
12378
1271096
4448
1718477
1438289
2427
1198065
5547
7596
5665
17491
4795
7908
1268325
18033
1356187
1384865
1306874
29621
11585
1270888
14316
8152
15794
1910408
1429075
1516582
2631
5024
15159
14867
3420
3840
5840
15561
14774
12431
12418
12338
4323
12207
3206
12698
4096
1064
1044
14254
15562
12896
11686
11875
14499
13969
17399
14327
17180
3059
16370
2804
3917
3168
12739
11867
9776
17904
8517
3154
3142
15806
4912
11906
2763
14943
2189
57356
2231
14507
1993
2102
727
4599
13773
2160
15756
2305
14796
9256
3077
3103
15287
2461
13512
2939
2992
8110
11817
2547
2507
13980
14711
6214
4096
12982
34028
5619
4088
633
3211
2404
16850
76064
14996
41786
14031
15325
4344
9784
7546
2243
2440
13431
2544
3052
3911
2767
2667
1713
2419
2828
11710
13608
3814
3436
2859
2627
14735
3094
2512
3209
2592
8170
4563
3373
7089
17110
3200
2811
2007
5816
15750
3046
2852
3464
6961
5422
3934
2808
2478
1654
3064
423
3787
3505
3398
30253
2708
21218
6664
11347
1409
2857
2921
2622
14611
22577
3653
4358
4910
2928
2495
2576
2844
14043
2707
3391
3154
14492
3836
1526
2308
3286
4136
2580
22421
2457
2649
2253
2293
1354
2396
3167
1517
2291
3430
5421
2418
4203
1638
1990
2362
1090
7746
2268
2479
969238
2559
1679
13829
4128
2445
2585
20665
11910
9573
2677
2989
1211012
23402
4091
2577
2777
3405
13003
2513
41775
2281
2027
3194
48692
3357
2933
800
2779
2661
1442
2310
2588
2379
2418
2418
3316
2612
3675
1590
2516
2870
7262
13382
2435
4549
1998
1137127
1521
8735
12718
15053
3797
1162503
2749
1132164
1817
3671
2637
3627
2360
20997
2208
3305
2081
3941
4057
1083998
2099
990141
2764
2471
999334
1265066
11255
1846
4670
3601
5389
923013
4669
819
1202
1228567
5976
1446452
2496
1249055
2023
1217327
1260327
1287199
1210405
70475
6025
12308
4603
1436921
1311322
3945
5710
1197077
1204864
1437358
1435721
1177733
1168559
1164096
3955
1167255
1236560
3833
2340
964668
10580
3970
4783
1311199
1569
2799
10575
3438
1114
10549
4324
759
2934
1495
4518
2545
1597
910620
1550541
2775
1290
1965
13784
7293
1483206
5807
7863186
1395880
11289
10496
2665
3723
7102
14552
4261
1233
14965
928424
4317
5543252
15966
408826
14542
3712
3604
5628254
48078
1562375
2984
6636
4395
92936
4117
2582
1959
6370
14995
11678
1329031
4176
4812
26486
19307
11033
101723
11933
4051
9733
39393
11703
1013996
3145
1502650
1357094
12712
1569
12463
2405
2726
6018
18313
2855
12296
9323
9550
9232
15086
9277
9873
2670
120636
10433
11706
5127
1585
12332
1425
8008
2839
1061
5766
949562
3858
5312
4487
3031
2680
1385
3254
2575
1667
2273
3794
3650
3043
1220
2380
3449
10498
3704
747
4451
2046
18625
3185
2936
1329
4193
1623
2407
2730
32554
3422
4508
9169
2990
3623
4358
3117
3428
1380212
12845
1937
2275
676
4301
2171
12912
1012240
4852
3478
3012
1318
4309
13499
4239
3348
4371
1655
1067
2778
3497
3513
2917
955
5619
3805
3423
3429
3090
3450
3894
2932
2624
3362
1144415
2242
3158
11001
2071
3069
2699
14339
7294
2819
4929
1200212
4872
3445
13854
1180550
13836
3612
1239883
12167
1423847
1501003
1197470
1227592
2483
17472
7355
1917
3296
1789166
4557
1307957
17211
9187
1661617
17738
9313
32574
5036
1525920
16973
12211
1261914
1451537
11498
1445464
1683375
1030751
1578554
25705
1442286
1598993
1586344
16008
2040
6630
1712467
4946
3329
5878
8912
1111
1048
12326
5014
3979
340850
2980
1421
6161
11689
13800
9169
2496
3226
3441
18326
2724
2477
3263
7665
3804
2986
11119
115506
712
10278
3231
9410
11043
11464
13676
3210
2889
10103
2524
8601
7856
2577
1031
2929
1785
14588
17884
17273
2989
11304
5674
2813
4068
2397
3370
10362
14474
3174
3153
2708
13292
2961
14458
18305
11944
10998
12742
12290
2992
52423
9353
1952
4152
9761
3864
3794
12460
16868
526
15489
15372
34830
2321
3443
1156104
2484
2509
2228
1474
5610
24441
14406
2302
3161
2769
3683
13789
12617
3896
1310547
13796
4924
3693
9786
2485
2278
12735
15826
15667
3672
1956
2460
3767
15677
2584
1719
2879
1649
3722
16565
14746
2579
1661
2364
2253
3910
14742
2792
1961
2207
2763
2349
1971
2494
2528
2658
2373
2269
2538
1734
2607
3326
3135
2815
1769
2002
1448
2806
2420
3662
3646
2814
2152
2779
1470
2113
3905
1390
2219
2152
1365
1943
3552
2904
7811
974
2021
2678
11886
1915
4358
1270
926
2709
2597
2535
1866
1969
1720
2497
3869
2582
2605
3573
1416
2496
1246590
1668
1608
3517
4099
2531
2751
3984
10420
13799
2678
5336
3280
2096
2407
2478
14805
2511
2056
2658
113462
2351
2179
2618
4061
14687
3569
1998
2294
3981
1170825
1888
4258
2302
3748
2872
13004
1972
2244
2817
40166
2128
1115429
2089
2247
12461
2791
1473
3614
13335
2326
1876
2359
36495
3222
4726
2610
1914
13489
1535273
1187864
1699
1545302
1287022
6453
1498
1271342
3535
1049238
1272655
1446266
1370494
3461
1437681
1071041
1536619
1269473
1219176
1398403
4281
1228992
20588
1355818
1231043
1343447
1459364
3731
12583
7306
13901
2141
1454249
1186929
4087
1956
5569
3731
1181487
1057462
1546
1170390
1802
2841
1012
8295
2964
914992
1356167
932115
19808
1147347
9455
1161
3820
719
2918
2531
955
1186
1133179
3025
34721
