1658
167115
3309
977
1297
4385
456007
11354
4811
2968
1572
3165
7280
4576
30557
4811
2783
3629
3456
1538
4369
1784
2886
4176
1999
1295
3439
1186012
1359193
3894
10961
1461
6073
2419
654
31312
1069
35532
22117
4856
5548
8038
4003
1604
392115
4023
134024
6502
10068
9306
8830
1669
3803
3497
65950
7507
7053
3561
10148
839191
1418781
7286
588053
6436
24461
2817
14373
14374
3103
15884
9393
11909
2145
3449
2369
9953
13066
2023
4584
2534
3605
2401
9001
7777
4448
2308
1699
2703
15114
3117
2368
2643
3774
3003
1661
3496
3927
4075
6935
3462
11908
6132
2665
810
4730
3192
6308
3568
5158
12428
1991
1843
4854
968
3714
10040
658
72142
1336
6554
28942
4972
5559
2274
4377
1922
3437
1928
2756
1295
5507
2494
2552
2389
9858
6325
929
2996
2010
2958
2507
1333
1656
4144
2835
2495
2002
2242
44627
13720
4532
1499
3587
3871
2668
2884
5723
5569
1164
760
4267
2066
2702
1000
1910
15314
6613
3442
3631
3722
5269
2671
16585
3029
2074
8815
5675
4164
2490
5040
4245
2177
2734
1448109
16250
2406
14050
1266910
32958
2923
6182
6646
1579556
13463
3535
2016925
3979
16962
1656568
18004
2337
1427596
17088
2308
18656
20969
1644598
18907
3563
1634991
2698
16563
1363890
1629316
14481
4475
15605
2436
16459
5259
1092
6848
14005
4598
3195
13871
3995
7719
3902
106863
9458768
1819
16220
12872
880
4113
9459
14800
981
12823
2303
17259
13564
1086
27598
2823
2815
8663
20393
12309
44647
2869
3282
3619
2962
5488
10562
9920
13700
14793
11375
10910
11220
15533
16547
12053
1994
99128
7511
4026
3357
2715
13503
12150
4605
42206
4119
9374
2698
3469
2407
2931
3638
13454
11010
3915
2195
10922
3767
17430
4247
18491
14767
1751
853
13422
2880
2923
12432
13246
2339
15239
16202
2240
2306
5354
807
12982
3909
16096
2761
13688
2847
2889
2652
9644
3142
1216507
11151
15617
15247
2839
2453
15693
2111
2029
15757
3668
2708
3516
3974
28879
2266
2337
2455
2985
11611
2860
2366
6169
4055
2319
16969
17448
5619
2130
2238
1381
2175
6202
13964
2567
18159
1942
1103612
13566
1907
6325
4711
9731
2802
3606
3812
2320
2147
4908
8913
1173122
2346
2451
2999
10773
12067
17322
8240
5783
2875
3534
3335
2771
3305
4894
3375
2863
15725
2432
3361
2521
1729
2557
2367
3249
36569
1804
3952
1865
3430
3395
3892
2088
2729
2544
13108
2458
2844
3475
4438
4562
2806
1240
12648
2287
2570
2197
12656
2573
2386
2176
4827
2039
1842
1039
3069
1881
65754
7098
106426
40618
4775
934504
1103608
1155808
2101
2425
17063
4484
2443
16315
2248
2443
4161
2152
2415
2965
1855
2620
2695
2675
5146
28542
931946
11619
2330
2806
1953
2850
3247
2304
2441
5782
3084
2228
2121
23128
2224
1385567
11415
1164254
995556
2644
41273
1170912
1248867
1326357
1162501
5574
1149818
1192339
1252091
1263902
1159454
4722
1076217
981334
1084
4493
3469
1156860
1176780
1020290
1172345
257641
1236
8232
4346
6873
10302821
1183366
9687
5573
4444
1265038
1162459
1094147
1194433
930320
1180505
6314
5422
974921
1037011
1023669
1178429
4947
991113
307
6272
2791
3829
972
5066
983237
1531
1628
2386
1996002
4135
2969
4875
19523
4076
2785
86726
2399
2002
14273
11741
5408
425
1513
1438080
8304
1525248
6109
204471
10274
4543
1552290
12952
4104
2570
6061
3733
12107
12543
3540
3814
2147
1636
10896
1079
6421
7859
2137921
3810
12865
920260
1610292
2844
5096
875
1027683
6449
11545
10623
3676
953647
45146
8767
11895
1029781
10381
16240
7283
9068
1246
4349
960367
12138
1207
1083
8853
3036
1351
12526
2178
2274
2643
2952
5611
5731
1104
842
2334
812
843209
1337
2756
1464
4660
2682
4741
3540
3334
3200
3339
5849
2005
1305
3077
1599
3163
4120
3079
2214
11892
1415
1717
2193
3261
4799
3515
2739
1720
8757
4054
2995
2534
3332
3560
935
1570
1563
2039
819
3753
2276
4763
3385
1647
2231
2556
3264
3443
1719
1456
4190
2559
1871
1478
1728
11085
3696
5225
4063
2115
2924
1995
2687
14507
2438
1951
1483
12650
2835
10941
3524
2614
2541
2820
3111
13824
66819
3088
12916
2019
1937
3387
5897
3302
2302
1083
7506
10652
5447
3957
10631
6501
1823465
11604
18046
1362122
1513239
893
6357
10983
17014
8737
17844
108191
5635
1477386
16530
1716
1837352
1934345
22179
1342460
15843
1661017
4715
14785
2026235
1902408
13056
3099
15528
4413
17314
14263
17961
5042
4054
16705
1000
84251
49117
91142
2804
1066486
20210
17353
3716
5913
9886
3063
5272
9928
13124
1143
11653
13685
3643
439300
11470
14473
12884
4361
12896
15132
10617
13970
1151420
16260
53787
2800
15029
41820
2287
18238
43040
674
13416
12489
56981
2493
11324
10272
13149
9765
9344
3403
1642
3635
2281
2839
10504
3246
3123
3199
2766
12559
2696
13547
2524
9635
9250
2265
2546
5806
20596
2924
2154
1075344
2656
2470
3804
2461
13034
4735
12505
13859
12349
2570
2333
17329
11751
5745
4128
7390
12049
2952
3661
13399
2889
2052
1417
2629
2436
13011
3236
2360
3196
2894
2786
2730
2925
4650
13867
12411
4632
5815
13872
2396
2613
2771
1949
27574
4958
2613
2392
2307
16336
10855
3346
2583
14000
2645
2652
2536
2205
2665
6133
1923
7087
2870
18106
1086421
2744
2559
3247
1733
3064
14775
2374
9584
2670
3789
2549
2434
2048
1428
2400
2669
2639
2676
2506
2205
1691
2025
17015
49403
2612
2967
2200
3099
13863
2765
3198
1096771
2049
2307
3297
2814
2810
2350
68215
13627
3717
2875
2603
2869
16259
41433
2018
5031
1278
2079
3298
6217
2430
12998
1093221
982271
2991
3514
11938
13786
1996
1916
2249
2384
1859
2245
2796
1873
1100857
1957
1791
2769
4757
2898
1843
3136
1282922
1287010
928431
2940
12329
1318751
5714
1098702
1132439
1126314
1170990
10659
1229169
1158228
7271
15470
1151315
1187312
1156045
1085038
1223506
1136818
1192418
5448
1129311
1167073
1231609
1132203
1112005
1128449
1108549
1156069
1091442
2872
1134927
1113060
1074926
1121546
1153489
1138476
1143794
3629
1221872
1106125
1106426
1186482
1101416
1198654
2492
1162127
1138134
1124466
4551
1105287
1056621
1178602
1114220
14035
1158988
1013065
1051169
951490
1129007
1131325
1165440
1111357
5004
5814
18731
1147083
1029669
994999
3840
6951
3044
1882
1104567
1077025
1052845
1003557
948061
1113719
2137
990244
1000648
1095267
3148684
9181
5102
4731
1019422
1203812
26062
2818
1568
741
2965
1059868
