3456
4054
5101
4063
4279
4329
4902
3026
8105
1057268
36882
4967
3327
2126
5711
1643
1743
1584294
3845
1512620
3464
1505603
7466
1742
3777
1688813
6049
3115
959
5353
7787
1627
4828
2968
4693
1973
5060
3745
22954
11819
1785182
12040
12891
3874
2313472
6252697
10978
6951
4384
7913
2443
4145
8552
19028
4464
11169
4418
1686
11049
23646
10979
9612
865170
9575
77592
4476
9548
11637
2988
10335
6359
3817
3099
1902
8005
8544
1765
910
9461
2778
3183
982235
2693
3668
2631
2638
2277
8872
3346
2820
2061
1910
1071734
2877
1943
997820
2622
510
3496
5225
3841
1415
2241
1879
2038
1655
2201
4239
3387
1258
2980
5184
3039
2489
1223
2253
4902
813
1885
11926
1887
2675
9859
2282
1801
5288
2134
2165
856
1630
1067715
6351
3370
267081
4080
2473
2645
3015
4130
12143
1841
2412
2629
9778
1251
3462
2262
1244
484
754
12171
4458
2039
3475
1825
12744
3154
1295
761
15375
1271
3176
2503
1351
10028
1615
730
1278
3156
2294
507
4697
1784
4114
5749
5560
1382
2866
860
6297
1907
1562
1299
1410
5371
2232
3217
9578
2188
4110
3565
2116
5189
4349
5917
1318376
5217
956
26618
48979
3091
3223
3328
1807
3849
14751
1583851
18279
15796
15510
4528
1483260
1578453
1304511
19032
1484129
1547
1629687
1365821
4011
1593148
3665
19540
11918
15372
1907
14308
15547
15629
16525
17818
14091
14123
1116540
4320
14178
18507
3364
12326
12109
12813
15791
13661
2190
16580
16958
4292
13156
12413
10826
3425
17730
1090
3745
5137
6848
2319
1155958
1134640
11898
3119
2673
2296
1216
4053
13208
5816
3520
5902
1350
3378
5559
1057641
2759
1147477
50565
13994
2673
2455
12454
11949
4993
2704
13928
4718
2630
12331
16223
1468
19129
2717
1960
941013
13263
2130
5027
46908
4635
3486
6158
1548
15026
1586
14320
1101098
1180589
2521
2746
2343
1797
4429
2643
6815
2465
5675
9632
13572
3474
2665
2492
14669
4181
2353
2057
2907
3110
20782
3069
11634
2601
14158
3377
1890
17286
14394
2425
2945
2651
3148
1184514
12615
1165847
5133
1474
3562
1987
2160
1889
1119865
2230
51323
13765
5209
2862
4198
2683
1630
2462
3033
1116841
2482
2606
16233
2119
13447
4817
4685
3087
2703
20153
4147
412961
2673
2885
2625
2957
12202
1267049
1078933
1140681
3470
2971
2020
1883
4624
3040
2203
12362
14962
14872
2464
2252
3632
15139
4672
2716
3300
3397
4393
3527
1100795
2265
3337
1150493
3568
4395
2372
2524
1105465
1099006
1085967
1151362
1078433
2659
1060528
3255
2414
1238666
2067
1153103
7694
3417
3507
1159324
1118502
7263
1900
3338
2031
70045
1269934
4585
12685
4764
1111715
1945
2087
956003
4819
1940
3377
1092385
2927
2055
2398
2720
1101476
1102679
1123616
2014
1094453
2613
2848
1182567
16138
2340
20848
1077969
2537
1731419
5713
16286
63079
1325
2810
3586
3300
3535
2564
2807
3561
2275
2842
16259
2268
2288
13003
1959
2827
991949
1149498
996117
1435216
1165077
1214017
1149595
1168448
1018184
1106543
6411
18767
1907
16089
2074
13042
1014
41493
13439
1128228
3271
1180710
1176244
986373
957946
1159310
9024
10504
1224703
1180018
1059635
5265
983367
963014
2780
1212215
14947
1011793
1403173
976434
1314775
1116344
10686
1179396
2732
1105350
6221
4699
1031
1099585
2154
1053195
1441
1011129
1127601
1122644
25777
1046336
1010872
1300028
1176414
3537
1007865
1013850
9272
11362
954071
1026635
995150
1163061
1096623
941098
1130689
1128141
1122430
1168183
6549
1920413
1036
1682
2620
806298
12921
1429714
1902
195012
1060
369434
392496
3842
9230
1048
6238
15756
1290983
6647
2090445
1543
1099832
6988
6056
2019
28435
10951
1434690
1636881
2176442
9495
2800
11183
46620
765563
1854
4786
2731
2386
15102
3042
134672
2224614
12087
11662
12219
1519914
128224
11339
831687
1289
2024
5701
24470
4797
1386
7770
4766
2810
6484
2311
2119
8912
12134
2581
1174
813669
2505
3159
9000
1781
14070
1133
1825
4131
3011
6456
4962
1507
5983
1524
1349
4863
3172
4101
3811
1960
5245
139878
2484
24134
1844
4018
2267
9637
1766
2925
3216
3846
5766
2699
1916
4445
3568
2569
2286
3114
3109
1873
4048
3339
3274
12280
2333
1787
1824
46029
7300
3871
3322
2929
1347
2409
3040
4841
3903
8633
3121
2007
2198
2592
3917
923
3806
12594
1302
2900
6163
4012
3434
2745
5207
2388
2481
2767
1758
9845
3135
2536
2043
3169
2108
1077
2115
3077
6331
1748
11766
3575
1005717
3239
8741
2826
2632
3076
19292
2635
4913
3041
10784
3532
2584
2579
3772
2976
795
1224
8542
2746
4576
1626
3027
2581
2125
23257
13113
3338
2537
11613
2295
1354
9556
1766231
2764
1501442
8453
1480292
4556
2426521
1245562
1297747
1423541
24711
1305202
4915
1547492
1259201
1255560
1437787
7208
17825
5143
10224
18439
1553
14198
2440
15437
7205
3121
8645
15127
14373
13960
3968
15957
17063
23838
1605075
1680454
26207
24483
1790737
18812
11608
15959
12958
15067
8035
1177035
1230887
955
5605
16560
14630
15209
11762
12802
2214
13130
12701
12164
12531
16847
12315
12724
869
12724
1342
17510
2636
1987
3578
13788
3075
16807
2870
5807
12125
2784
11522
13518
42007
4496
3793
9822
2753
2369
2349
8193
1056
4197
1161747
4543
4333
3780
1633
4250
3485
3692
2674
14842
2305
34994
3651
12211
1836
13279
2138
1193651
1132
13299
3076
1117303
5533
12442
2132
2237
7699
19580
4083
1106057
11630
13074
3131
1904
2689
3359
2151
2578
12140
2654
2200
1903
2984
930
2574
1274785
3120
3185
2680
13558
3427
799
14600
1111261
1966
8169
3036
16308
2094
2410
57005
13198
12053
16853
1113280
3447
2449
1084
961917
3931
2510
2312
3500
2523
14830
13234
6529
2361
2237
1962
2606
2427
3535
13618
1952
16705
14810
2104
10863
12757
2677
2577
1126609
1522
12826
2251
2322
3531
1081455
2518
1510
2176
5365
2036
2323
2915
2353
43061
987
13257
14029
12515
1662
2857
1137562
1903
5274
1485238
12653
4644
2095
1165537
20611
2596
7382
10141
2733
2510
1940
4491
3299
1557
2083
2145
1897
2037
2867
2757
1095298
1290830
2778
4745
2042
1726
1140277
1560
2192
2401
3034
2286
11962
7372
2136
3581
3209
11550
105183
11279
14546
3312639
3255
1713
3795
1060009
2010
2196
2342
1952
34581
15916
4636
13610
5777
15206
14931
2843
1152140
1439321
1209209
1488563
1040007
1094882
1021367
1191957
3217
1675
3347
1213288
3656
1179506
963430
13371
1205174
1132912
1162178
1096538
796
3980
1089862
885
14491
5758
1129
16978
935614
67378
4674
13698
1183609
3508
6505
15638
3467
1082103
975979
1181548
1014399
983393
1122305
4604
940249
991154
3592
8874
11088
40378
6380
2613
1178318
6915
1089459
1074926
1152829
5873
1068386
1057686
1171702
941062
1018694
1093944
19335
5001
1065660
1029891
1088348
1001024
1186387
1202697
1096237
3960
8378
7105
1608192
1539402
1153270
1160694
1023847
1500464
1208604
