1102759
2949
1720
3600
4647
4557
11020
4772
27030
4074
10064306
6941
920139
9675
23192
1103
2268
6667
12413
2139
13968
2059
3111
2092
2323
4778
7104
9959
10148
1305
10237
851
3548
11571
11944
712964
1723048
9615
13102
5135
4979
21427
1884
11536
3558
11907
15390
2170
11725
2409
2498
12476
11402
2689
11703
11285
359622
8540533
6877
4488
2854
1446
9949
1372
7055
2826
7593
1193
1871
10541
2410
212823
3294
5700
1733
1512
3868
6039
16576
2223
2960
2287
1611
5513
3130
3495
3954
3228
2538
12266
1683
2630
1239
2126
2362
3180
3551
2939
3953
2985
3071
4278
4304
1471
4613
3799
4865
1346
988623
2289
1544
2503
844
1173721
2622
2881
2065
3770
1921
3279
15222
2615
2629
1661
2978
3646
13081
5441
2778
4209
3882
3251
12251
1657
5769
23409
4983
2162
3708
3301
15036
42706
67550
1797
4474
9297
4872
2196
1383
13450
1993
2567
1064
2300
3616
4362
1329
3509
4220
2710
9638
12877
2815
4840
2217
984
2557
3840
583
2472
3543
2823
2931
36489
3979
15431
1774
1772
3702
2759
3513
2124
1695
3410
1927
1952
5505
3067
1690
13979
1617
3006
2951
2887
1934
11143
3261
3526
4001
2807
3389
2616
3827
2629
2511
2980
273113
5514
15938
1766
3076
1775
3108
1972
3574
14285
4296
3105
10319
3260
2861
2309
11214
1975
2024
1343961
3295
1383341
3965
2036
8516
3409
3114
2043
2705
22756
1265250
2774
2539
2267
46757
2426
1412
1339
2474
2127
14185
1925
2501
5159
13146
15854
1391
3083
4163
1326
15745
15766
1096
2675
5001
1178466
2631
2157
13903
11774
46618
1977
3064
2941
3821
1164368
12666
2446
1707
14946
4050
1837
11723
16294
906192
30017
8441
2729
2005
2831
3015
2928
2636
1775
12412
17429
9523
1949
4904
1176066
2817
2218
12837
2851
10368
2301
1081746
15845
10568
4141
4652
2725
3271
4428
100468
12763
2666
15662
2810
2992
2291
1398
2510
2382
1684
14515
5229
4781
2940
2628
12265
6566
1127
2315
12494
2020
1920
3651
1628
1865
4818
1889
1527
2470
1859
1995
1985
1130
3579
2916
6302
1841
1283
1757
2711
2445
1794
929226
4826
830
1906
2019
11980
2443
1909
13367
2038
1505
1615
1881
1831
2382
2442
1102390
2029
3789
4329
1747
1230
3607
3614
2683
1892
2312
2440
3318
1659
3413
3166
2205
1950
1815
1667
3241
1875
3462
2769
1506
3264
2459
1701
2052
2653
1093652
14019
2241
2036
1639
1359
13118
2161
2751
12675
2409
2649
2356
2275
14761
1154708
2086
2354
2268
2582
1583
1785
2037
1870
1464
19520
1772
28253
1114566
1763
2158
1761
10659
1791
2238
13126
5963
1745
1903
2906
1643
1061596
17254485
2918
890
1931
2456
1681
1244
2130
3994
2047
35289
3176
1905
2104
2994
16598
1019254
2774
1676
20206
2376
1518
1677
8492
2223
4986
4779
2067
1140308
1228
1097
931475
2838
2354
2311
5149
1482
4635
2111
1158
1378
2125
1313
1429
1192
1630
1093823
1026105
1015301
997769
1641
1170
1852
1000401
2375
1099
1105070
1483
1584
1597
6548
1416
1039068
17255
2749
3072
1932
7400
915
4516
1126277
1197009
1024465
970435
1985
1603
2681
1056826
1187
1089
1024560
1155
1438
1303
1277
1364
1079
3258
1183
1323
1333
1024
1164
3455
1189129
2213
1069
995627
1104
2934
5704
1001693
970670
2328
1110
3799
6297
1413
2998
2507
1478
1922
1653
1726
1224927
2110
1203832
2072
28307
2097
1836
1118655
2098
1848
2988
2827
995
1120641
1188325
4202
6160
1961
1114723
1855
1057748
3230
4188
1233590
3715
2825
1071283
2513
2041
4859
3215
973
2752
5657
1112
2034
2502
10118
975882
1510
3881
1458
16258
2362
1064
9274
1179
1896
911295
5040
4628
2238805
10859
2691
2804
4628
5897
2639
1768
2426048
3880
23373
20261
31799
8437
7949
2305
2666499
729340
149316
2207784
3871
3244
2602
37848
16459
10090
2400
10923
8678
9945
10994
10990
10105
1615725
2657
17036
8212
9071
2531
3028
2234
1636
3719
3602
5560
10771
1576
9159
9445
2097
5757
2490
7900
1624
7649
1647
1213
6925
9350
9912
9538
5824
11304
813143
3168
2025
1758
4624
2281
1548
10723
8965
3264
13093
1792
5171
1682
1848
1151
2117
2559
3833
1815
2843
2604
4934
4320
13580
4981
1663
3004
11816
1661
2760
2600
5626
2891
5105
9973
48138
3124
2285
2045
1234
3725
10430
3290
4429
6974
1912
3008
1228
3435
5148
829
2172
526
2940
2960
3026
1128
1727
41512
984224
752945
3056
3020
2832
3023
2477
11216
2944
2290
1787
2465
2902
5148
1782
1333
3079
3564
1878
5722
6328
1721
1672
1430
13116
4395
724341
3684
3234
6248
2654
1466
1868
1495
4575
13896
3426
1972
481
2160
1928
1151
2933
9951
1359
3091
3957
12795
13479
1052121
2367
1313
2898
11601
2908
2275
1029453
3829
722
1208
2904
4553
4065
3312
3618
2956
432603
9779
56868
8805
49549
3796
6274
11086
2404
1485430
3863
1846
1753
3367
2596
22014
2342
2476
3561
2314
3659
7418
11793
2490
2307
3262
2164
2442
3612
966
15479
2958
10678
1932
2837
1768
17532
6883
1036
1984
5050
17592
6846
12827
1134197
3664
11848
3926
1954
12976
46935
4013
4492
12414
12037
14880
1884
2892
1952
1413
2986
2062
10380
5110
1674
1653
3036
44102
3108
2260
2147
2625
1847
2016
12630
13333
1746
1211207
13010
3126
2022
2495
996066
3084
11083
1078657
9958
10591
13065
3224
3418
3288
7974
3330
895
933555
948383
2425
40737
2027
2462
1795
11699
2210
8552
824
3005
2580
10289
1093858
20349
7879
19215
6476
1137
18766
1857
2570
1887
1121615
1828
1923
1736
2070
2410
769
1473
1456
12466
1383
2768
2295
1802
3662
1703
12866
2080
4045
19067
3661
13153
19138
2993
1853
1947
1990
13945
2193
5791
2427
2063
1393
3583
1539
2336
1727
2401
12511
1948
2323
2637
973312
2118
3048
3689
2826
1843
2591
1617
2457
1256404
2224
11296
3289
3043
1988
3719
2436
2039
1564
3599
14999
1996
2629
14036
1759
3452
1854
1965
6066
13185
1146539
2121
2195
12475
1217801
2170
1480
13671
16218
2640
4078
1953
12611
2500
3900
2601
3340
1756
1846
2048
2170
1350
1315
2627
1760
1197
1290
2199
2230
1758
1899
1186
1205180
8347
1959
5464
1601
1962
2027
1638
2208
2473
2098
2711
3253
2059
1073211
2198
1118
1624
1714
1111294
1900
2857
2633
2184
11807
2048
1732
1689
3057
2886
12799
2748
9665
2258
2117
1812
2275
2211
1631
1441
1114716
3043
2593
1199
2039
1516
1437
3106
1332
2105
1719
2094
1197
3081
1782
1299
1675
1194
1058783
2113
1019
1301
1287
2049
1657
1072770
4834
52909
6351
1234605
1171431
3796
1193601
3584
1877
28227
1287
1254
4712
2062
1186126
1222
10130
1019156
1106783
1864
1687
1249
4991
3054
1237
1636
2036
1037758
5647
1981
2397
1256
1535
2191
2859
2193
1510
1195
1115947
934482
1423
1140011
2536
1987
1432
9022
994724
2322
1168947
1230874
1234416
1167537
1313749
2991
1000672
1358
1115326
967184
1542
1891
1278
7522
3017
3475
4497
2095
1011190
1166797
3878
2118
1487703
43821
1850517
2299
