3777
7245
3920
3141
8336
13755
7655
3938
5132
1845
2893
2774
2451
3800
1382
3482
3946
1585499
1585470
1604845
10126
1218618
4054
5625
5674
4184
5383
2375
1955709
1753
9016
10945
13548
11111391
12832
12638
3515
3236
3369
2130
5067
944646
24774
1594143
2926
2583
2611
27041
5677
4959
9591
1156
956357
8143
32647
10758
9320
11601
12531
12801
4682
1386
1985260
4322
2224
104124
14624756
80500
1871
11723
1094800
1820
1780
1495
6254
1488
844138
2155
2473
6492
2595
8228
1498
971388
2081
2706
4047
10272
4416
3526
2512
2242
2531
1069
2952
3078
2688
2306
3007
3170
907163
895745
3019
1266
5173
2288
1859
992248
2177
4851
4688
1159
2390
16375
1348
1352
3660
1638
4750
2519
1875
1234
1330
2898
3814
5553
13058
1928
1773
4481
3373
994130
3966
4566
6492
1010
3669
11536
2493
955596
2434
1705
2136
1358
2056
1804
2298
4946
1209
1437
2314
584
3256
1013036
2020
9304
3780
121755
74947
1133115
1684
4360
1915
3127
3224
2515
3060
524
2103
6928
2602
1172
2175
2313
3249
6010
3234
4604
2070
2944
1033061
10995
969692
1043747
3422
2466
1424
6167
102021
1424
2756
2474
2615
1671
3388
3722
3620
1013
11893
2060
2470
1478
2429
3521
2320
2778
13325
12951
1843
2065
1158352
57742
1180224
18513
3657
37915
3071
3054
4161
2888
5412
11613
1597
3879
1330820
1235381
9641
3805
1971
10022
11345
2191
2470
3800
3470
2114
3514
2822
4179
38646
2347
4232
4097
2815
2999
1830402
4851
14841
17626
2458
2437
2925
1995
4079
1408445
13478
2517
1472873
3629
2042
188382
8909
3812
5092
5263
4841
3559
3730
1836
1280786
1251785
1396402
1405112
2718
14181
13466
2151
1912
1843
16287
13442
11308
13373
20038
2649
1169807
2657
1724
3116
1076437
1195151
2813
9711
3720
22875
5602
2783
3875
1941
17923
2955
1375
4502
15573
1875
4459
2552
1719
3393
2678
13476
12693
3365
12378
3096571
2262
1253443
108953
2277
2166
5375
994494
2084
1040396
17819
10842
1137091
12973
12462
1085860
2886
2914
1335
8608
2035
1191850
1203076
13014
1089859
3059
4832
16549
2179
15808
11517
1708
12835
2015
12795
1843
2796
6089
12488
1973
2246
3625
2403
2357
1746
2135
1635
3235
1234128
2013
2643
1011031
1797
2909
1832
952109
3883
14130
2877
2269
1182
4028
2001
1801
2447
1974
1795
2268
3701
936
12464
2181
3083
1970
8945
3239
2658
47268
3022
2740
16874
8626
72894
3265
2381
5501
1128778
10142
116180
2468
15919
5159
1070855
1251175
11976
1194719
1107413
33273
1995
16175
2922
1109626
1159
2122
1021596
13779
1063246
5867
1160233
1156723
1078739
1125898
1091948
2770
3281
874
2217
1239
1696
1727
16669
2151
16273
1158397
4204
1221181
4226
989889
3252
1193436
1456
28129
16376
10589
3109
1979
16463
1864
1182268
4956
1857
2226
807
3311
12363
2104
1447
2688
1486
950187
1233395
4606
2511
5608
5117
995508
4969
1994
1999
1792
3693
2297
1115
2552
4236
1731
1111767
1514
1348
2968
2464
3757
970780
1896
4270
2291
2759
1139
1192
1998
2086
1088957
1961
2249
1218832
118130
1282
1092680
1971
1208
1243675
1272
1167167
1809
1285
1023595
1926
3433
1617
1801
1335
2514
1249
1013792
1028166
1844
7253
1389
1802
1178212
1934
1718
46526
1821
4001
2177
1996
5956
2110
2005
2560
1916
6241
1360754
1393
3591
1539
1364
3793
1253695
7170031
2110
2540
1398
1060031
1185432
4610
3876
12840
5141
2109
2238
1116611
2874
1088597
2436
4503
2031
1166475
1145
1970
1006
1282870
2982
1974
10965
1633
2439
1639
3453606
2809
1079063
2740
1115519
980237
1300
1287985
9071
1174129
2348
3488
1267
1304
7111
1296
1708
1987
1623
4152
9802
1327
3557
914371
1504
1906
2126
972
3229
1450465
4499
3999
1760
1179814
873
3043
2489
5993
4331
8408
2710
1751
9291
1728
2656
5617
6710
3888
3520
792628
1390967
7330
3370
3172
2647
2961
10707
12060
6172
11238
2387
10868
4728
14959
19369
10687
3546
2873
2835
2386
6595
8998
3369
2861
2549
9094
1263616
3293
19576
1162830
13491
7945
9962
3173
5595
7531
4706
1252
13652
7980
6245
6403
12938
65981
8845
1262
11880
7060
9553
6233
6958
12391
75609
10668
2583
8925
8435
12975
1322
2952
2062
12241
6401
3690
7988
6659
1378
1702
1438
1442
2078
5025
423
5007
4833
11344
4335
5559
6703
1084577
3378
2431
9398
2330
2258
1676
1831
1748
2003
1324
5182
22018
7725
3256
2165
3270
752
6351
19326
2915
20760
16740
1289
1794
1723
4387
17021
2300
3136
6109
3940
1950
1730
3208
1871
2051
2616
3030
1832
9540
2112
3553
575
3148
12376
1949
14809
3381
3101
3968
2518
3497
1927
1538
3231
942
3478
1993
2625
5881
4392
4406
1789
12735
2273
3053
1109093
2734
1577
1795
2494
2583
2521
2134
16915
4295
6078
2881843
3703
476186
2217
13312
3102
2001
2509
1885
1333
1890
659
2051
1327
4547
2363
1840
1817
4253
2660
5542
101130
2409
17825
3945
3434
1841
3607
1275
7299
2913
2003
1593
3491
63809
2724
1871
927
2613
2932
3058
3714
2994
2175
5613
2570
3103
2517
1371
12898
1705
3238
3774
43241
1230632
3594
3784
15118
3706
20063
5205
2654
6859
3390
3162
2740
5957
6307
1584942
1536589
1947
4450
5646
1949
2179
3639
1195098
14699
1174588
9326
1146869
1183687
7927
3395
1887
12230
18635
3671
3794
9179
6076
6495
4327
2284
2290
13974
1352389
2287
1830
4278
1037
2317
14659
2191
5487
21290
1778
2032227
6292
35064
1377196
15386
1116
2584
14320
7330
1872
2217
1661
2462
2242
2295
5054830
1174864
1191634
15134
11787
1301424
8839
1464235
13153
1668561
21956
4155
2454
13162
32062
3036
1529427
2758
2417
3000
2939
2172
14977
1162314
2052
3047
14166
8153
2948
4529
7376
2693
5960
2030
12591
2856
2522
13661
12300
16602
3068
9950
3509
3047
1276
1281
3461
1167
1270
18053
5555
6953
5379
2172
63598
13246
7067
1167422
2830
4078
12938
1986
2051
1118317
3965
2103
1961
1842
1024
1064428
2795
2191
2371
2014
3880
1295
1840
2066
2382
3771
2861
2131
2150
1831
2198
972775
2799
2386
1205
15713
1115976
16097
2997
3232
3445
15526
3095
1130865
22681
1823
1751
1234131
1179
1315
1136152
976003
1757
4653
4262
1156109
2264
1144872
14789
2143
963
1268
1537
3443
1854
2478
4037
1033644
1800
12409
1028956
12365
8337
3284
22886
1410
1293
3674
1775
8260
4017
3437
1874
2185
3556
1180683
1031314
6064
2131
3378
2903
965271
3525
2508
2942
4600
7272
2163
2174
10490
6818
2738
4698
2482
953893
1133611
1138779
2834
1124406
12276
4615
3166
2100
10467
2742
1745
2150
3096
3165
2444
1222
1151809
2739
1744
2098
1885
2181
6103
4203
4827
1383
6095
4085
3702
3225
998
3615
1097466
1152762
1708
9516
12297
5778
1838
981
1196610
5651
3762
1755
1511
2382
17144
6866
1103
966852
187333
1192490
1085095
3198
2959
2821
5528
1190837
4477
3523
3520
3318
2801
1259123
2015
5555
1236
1142
1306
2016
4321
3623
1082526
2304
1051766
1072430
1160148
1461
1336
2844
1196845
2015
2137
1433
1185395
3275
7922
1226235
3590
1078395
2979
1071778
1054693
953095
3635
1807
1148835
1172177
1067462
90995
2266
4070
2375
2438
1252314
970094
1819
2187
13497
7901
1833
1496
1195882
1149383
7841
1310
1143592
1865
2922
1259080
3640
2666
3734
13780
3570
1128
1023853
1218
2165
1508
1192
1226
1276300
1040666
6046
971510
928691
1178248
1137987
3307
2158
1325
1398
2622
3337
3067
1138142
1426
1335395
3988
