0 0.0944002
0.0078125 0.101582
0.015625 0.156566
0.0234375 0.169494
0.03125 0.240806
0.0390625 0.248495
0.046875 0.301008
0.0546875 0.309098
0.0625 0.375362
0.0703125 0.391606
0.078125 0.429628
0.0859375 0.430747
0.09375 0.504489
0.101562 0.506263
0.109375 0.536934
0.117188 0.549988
0.125 0.614584
0.132812 0.614626
0.140625 0.661794
0.15625 0.686424
0.164062 0.694113
0.171875 0.694451
0.179688 0.694472
0.1875 0.725882
0.195312 0.727868
0.203125 0.72979
0.210938 0.735937
0.21875 0.761475
0.226562 0.76156
0.234375 0.766862
0.25 0.790224
0.257812 0.791618
0.265625 0.791639
0.273438 0.792294
0.28125 0.816523
0.296875 0.816586
0.304688 0.818973
0.3125 0.823324
0.328125 0.826958
0.34375 0.827127
0.351562 0.834499
0.375 0.837435
0.382812 0.838068
0.390625 0.842652
0.398438 0.842716
0.40625 0.847849
0.421875 0.851799
0.429688 0.855432
0.4375 0.856192
0.453125 0.85634
0.46875 0.864747
0.484375 0.864768
0.492188 0.867747
0.5 0.868127
0.507812 0.869225
0.515625 0.870493
0.53125 0.870556
0.539062 0.870577
0.546875 0.870746
0.5625 0.872774
0.585938 0.873197
0.59375 0.87326
0.601562 0.876238
0.609375 0.8774
0.625 0.877696
0.632812 0.882259
0.65625 0.885047
0.679688 0.885152
0.6875 0.886441
0.703125 0.890666
0.710938 0.893454
0.71875 0.893475
0.742188 0.893538
0.75 0.896728
0.765625 0.900467
0.773438 0.90334
0.78125 0.903382
0.796875 0.903403
0.8125 0.908388
0.820312 0.909824
0.84375 0.91519
0.859375 0.915211
0.875 0.91538
0.890625 0.915422
0.898438 0.915486
0.90625 0.915591
0.914062 0.918844
0.9375 0.92064
0.96875 0.920724
0.976562 0.920978
0.984375 0.925371
1 0.925456
1.01562 0.925519
1.03906 0.925604
1.05469 0.931032
1.0625 0.931117
1.07812 0.93118
1.09375 0.931286
1.125 0.934349
1.13281 0.934454
1.14844 0.934497
1.17188 0.934602
1.1875 0.934729
1.20312 0.934771
1.21094 0.934792
1.21875 0.934834
1.25 0.934961
1.26562 0.93889
1.3125 0.943537
1.32812 0.943558
1.33594 0.943601
1.35938 0.943706
1.36719 0.943727
1.375 0.943791
1.40625 0.943875
1.4375 0.944023
1.45312 0.944044
1.47656 0.94753
1.5 0.950022
1.54688 0.950043
1.5625 0.952198
1.58594 0.952325
1.59375 0.952367
1.625 0.952472
1.6875 0.955134
1.71875 0.955197
1.75 0.955261
1.8125 0.955366
1.82812 0.955409
1.85938 0.955472
1.875 0.955578
1.89844 0.95562
1.9375 0.955725
1.95312 0.955768
1.96875 0.955831
2 0.956
2.03125 0.956021
2.03906 0.956085
2.10938 0.957267
2.125 0.95731
2.15625 0.957352
2.17969 0.957394
2.25 0.957563
2.29688 0.957584
2.34375 0.957669
2.375 0.957753
2.39062 0.957796
2.4375 0.957859
2.5 0.957965
2.51562 0.958007
2.53125 0.962168
2.625 0.962612
2.65625 0.962633
2.71875 0.962675
2.73438 0.962696
2.75 0.962738
2.8125 0.962886
2.84375 0.962907
2.875 0.962929
2.90625 0.96295
2.95312 0.965463
3 0.965822
3.0625 0.965844
3.09375 0.965865
3.125 0.967217
3.17188 0.967259
3.23438 0.967301
3.25 0.967364
3.28125 0.967407
3.375 0.967449
3.39062 0.96747
3.4375 0.967512
3.5 0.967597
3.5625 0.967681
3.59375 0.967724
3.625 0.967808
3.65625 0.967829
3.71875 0.967871
3.75 0.967956
3.79688 0.967977
3.875 0.96804
3.90625 0.968083
3.9375 0.968146
4 0.968357
4.07812 0.968399
4.125 0.968442
4.15625 0.968463
4.21875 0.968484
4.25 0.968547
4.3125 0.968568
4.35938 0.96859
4.375 0.968674
4.5 0.968885
4.59375 0.968928
4.6875 0.97556
4.75 0.975581
4.78125 0.975624
4.84375 0.975645
4.875 0.975729
5 0.975835
5.03125 0.975856
5.0625 0.976004
5.25 0.978898
5.34375 0.978919
5.46875 0.979278
5.5 0.979299
5.625 0.97932
5.6875 0.979341
5.75 0.979384
5.90625 0.979426
5.9375 0.979468
6 0.979553
6.125 0.979616
6.25 0.979743
6.375 0.979764
6.46875 0.979785
6.5 0.979806
6.5625 0.980165
6.75 0.98025
7 0.980355
7.03125 0.983228
7.125 0.983249
7.25 0.98327
7.3125 0.983334
7.5 0.983376
7.59375 0.983418
7.75 0.983439
7.8125 0.983503
7.875 0.985024
8 0.986608
8.15625 0.986692
8.3125 0.986713
8.4375 0.986735
8.5 0.986777
9 0.986798
9.0625 0.986819
9.1875 0.987854
9.5 0.987917
9.625 0.987939
9.75 0.98796
10 0.987981
10.0625 0.988002
10.125 0.988044
10.5 0.988065
10.9375 0.988086
11.25 0.988129
11.375 0.98815
11.625 0.988171
11.8125 0.99305
12 0.993177
12.5 0.993431
12.6875 0.993473
12.75 0.993494
13.125 0.993536
13.5625 0.993557
14 0.993642
14.25 0.993663
14.5 0.993684
15 0.993747
15.5 0.993811
15.625 0.993832
16 0.993895
16.5 0.993938
17.25 0.993959
17.5 0.99398
18 0.994233
19 0.994276
20 0.99436
21 0.994381
21.75 0.994402
21.875 0.994423
22.5 0.994445
23.25 0.994466
23.75 0.994487
24 0.994804
25.875 0.994825
27 0.994888
27.5 0.994909
28 0.996409
28.5 0.996472
29 0.996494
30 0.996515
30.375 0.996536
31 0.996578
32 0.998057
33 0.998099
33.25 0.99812
36 0.999092
37.5 0.999366
38 0.999387
38.25 0.999409
38.75 0.99943
39 0.999451
40.25 0.999472
40.5 0.999514
42.75 0.999535
43.5 0.999556
48 0.999578
49 0.999599
52 0.99962
52.5 0.999641
54 0.999662
56 0.999683
57 0.999704
59.5 0.999725
60 0.999747
64 0.999768
68 0.999789
85.5 0.99981
87.5 0.999852
102 0.999873
126 0.999894
238 0.999916
360 0.999958
448 1
