0 0.100677
0.0078125 0.130424
0.015625 0.1715
0.0234375 0.202014
0.03125 0.248762
0.0390625 0.278905
0.046875 0.320494
0.0546875 0.350276
0.0625 0.404949
0.0703125 0.476505
0.078125 0.486457
0.0859375 0.486783
0.09375 0.503713
0.101562 0.504149
0.109375 0.514441
0.117188 0.515394
0.125 0.540522
0.132812 0.540525
0.140625 0.592774
0.148438 0.592779
0.15625 0.599304
0.164062 0.600531
0.171875 0.60071
0.179688 0.600712
0.1875 0.616444
0.195312 0.616507
0.203125 0.616518
0.210938 0.658576
0.21875 0.664885
0.226562 0.664898
0.234375 0.665456
0.242188 0.665459
0.25 0.680185
0.257812 0.680414
0.265625 0.680419
0.273438 0.680682
0.28125 0.728291
0.296875 0.728297
0.304688 0.728823
0.3125 0.737927
0.328125 0.738488
0.34375 0.738517
0.351562 0.780164
0.359375 0.780172
0.375 0.789216
0.382812 0.789242
0.390625 0.789537
0.398438 0.789545
0.40625 0.789742
0.421875 0.831287
0.429688 0.831679
0.4375 0.840468
0.445312 0.84047
0.453125 0.840481
0.46875 0.841536
0.484375 0.841549
0.492188 0.882899
0.5 0.89158
0.507812 0.891898
0.515625 0.891975
0.53125 0.891993
0.539062 0.891996
0.546875 0.892069
0.5625 0.942147
0.585938 0.942355
0.59375 0.942358
0.601562 0.942631
0.609375 0.943271
0.625 0.943489
0.632812 0.984713
0.65625 0.984797
0.679688 0.984813
0.6875 0.984852
0.703125 0.985587
0.710938 0.985753
0.71875 0.98576
0.726562 0.985763
0.742188 0.985766
0.75 0.986134
0.765625 0.986466
0.773438 0.986637
0.78125 0.987145
0.796875 0.987153
0.8125 0.987558
0.820312 0.987932
0.84375 0.988053
0.875 0.988337
0.890625 0.98834
0.90625 0.988348
0.914062 0.988379
0.9375 0.989153
0.976562 0.989187
0.984375 0.989245
1 0.989277
1.01562 0.989282
1.03125 0.989287
1.03906 0.98929
1.05469 0.989817
1.0625 0.989827
1.07812 0.989832
1.09375 0.989835
1.125 0.990219
1.13281 0.990227
1.14844 0.990238
1.17188 0.990248
1.1875 0.990256
1.19531 0.990261
1.21094 0.990267
1.21875 0.990274
1.25 0.990282
1.25781 0.990285
1.26562 0.990482
1.3125 0.991238
1.35938 0.991243
1.375 0.991262
1.40625 0.991283
1.42188 0.99129
1.4375 0.991304
1.45312 0.991312
1.47656 0.991756
1.5 0.991788
1.53125 0.991796
1.54688 0.991804
1.5625 0.991812
1.58594 0.991817
1.59375 0.991825
1.61719 0.991827
1.625 0.991838
1.64062 0.991848
1.6875 0.99308
1.75 0.993093
1.75781 0.993096
1.78125 0.993099
1.8125 0.99312
1.82812 0.993125
1.875 0.993149
1.89844 0.993601
1.9375 0.993604
1.95312 0.993607
1.96875 0.993622
2 0.993646
2.03906 0.993654
2.0625 0.993662
2.07812 0.993665
2.10938 0.993844
2.125 0.993851
2.15625 0.993854
2.17969 0.993857
2.1875 0.993862
2.25 0.993878
2.26562 0.99388
2.29688 0.993886
2.34375 0.993896
2.375 0.993899
2.39062 0.993907
2.4375 0.993915
2.5 0.993941
2.51562 0.993944
2.53125 0.99412
2.625 0.994262
2.65625 0.994265
2.71875 0.994267
2.73438 0.994273
2.75 0.994278
2.8125 0.994325
2.84375 0.994328
2.875 0.994336
2.95312 0.994599
2.96875 0.994604
3 0.994615
3.0625 0.994617
3.09375 0.994625
3.125 0.99482
3.17188 0.994825
3.1875 0.994828
3.25 0.994839
3.28125 0.994852
3.375 0.995046
3.4375 0.995049
3.5 0.995065
3.5625 0.995067
3.625 0.995073
3.65625 0.995075
3.71875 0.995081
3.75 0.995094
3.79688 0.995099
3.90625 0.99526
3.9375 0.99577
4 0.995812
4.0625 0.995815
4.07812 0.99582
4.15625 0.995823
4.21875 0.995831
4.25 0.995833
4.3125 0.995836
4.375 0.995839
4.5 0.995857
4.53125 0.995865
4.59375 0.99587
4.6875 0.995962
4.75 0.995973
4.78125 0.995976
4.8125 0.995978
5 0.995986
5.03125 0.995989
5.0625 0.995999
5.25 0.996062
5.3125 0.996065
5.34375 0.996068
5.4375 0.99607
5.46875 0.996073
5.5 0.996083
5.625 0.996089
5.6875 0.996094
5.75 0.996099
5.8125 0.996102
5.90625 0.996105
6 0.99631
6.25 0.996584
6.34375 0.996589
6.46875 0.996594
6.5 0.996597
6.5625 0.996639
6.75 0.996649
6.875 0.996652
7 0.996663
7.03125 0.996939
7.25 0.996947
7.5 0.996955
7.59375 0.996963
7.75 0.996965
7.8125 0.996973
7.875 0.996994
8 0.99721
8.125 0.997213
8.3125 0.997221
8.4375 0.997223
8.5 0.997226
8.625 0.997231
8.71875 0.997234
9 0.997247
9.0625 0.997249
9.1875 0.997252
9.375 0.997286
9.5 0.997294
9.5625 0.997297
9.6875 0.997299
10 0.997305
10.0625 0.99731
10.5 0.997584
11.25 0.997589
11.5 0.997592
11.625 0.997597
11.8125 0.997781
11.875 0.997784
12 0.998031
12.5 0.998063
12.6875 0.998065
12.75 0.998068
13.5 0.998079
14 0.998081
14.0625 0.998084
15 0.998092
15.75 0.998097
16 0.998218
16.5 0.998221
16.625 0.998223
18 0.998431
18.75 0.998434
20 0.998437
20.25 0.998439
21.25 0.998442
21.75 0.998444
22 0.99845
22.75 0.998455
23.25 0.998458
23.625 0.99846
23.75 0.998471
24 0.998687
25.5 0.998689
26.25 0.998692
27 0.998697
27.125 0.9987
28 0.998855
28.125 0.998858
28.5 0.99886
29 0.998863
30 0.999055
31.5 0.99906
32 0.999076
33 0.999079
33.25 0.999081
34 0.999087
34.875 0.999089
35 0.999092
36 0.999316
36.25 0.999318
37.5 0.999326
38 0.999329
38.5 0.999334
40.5 0.999337
42 0.999537
45 0.999539
46 0.999542
46.5 0.999547
48 0.999758
50 0.99976
54 0.999953
54.25 0.999955
56 0.999958
58.5 0.999961
60 0.999963
60.75 0.999966
63 0.999971
64 0.999974
66.5 0.999982
68 0.999984
72 0.999987
90 0.999989
144 0.999992
256 0.999997
576 1
