0 7.4292e-06
0 0.103771
0 0.103778
0.0078125 0.11337
0.015625 0.142975
0.0234375 0.181793
0.03125 0.228329
0.0390625 0.240699
0.046875 0.29933
0.0546875 0.309983
0.0625 0.354856
0.0703125 0.395345
0.078125 0.416867
0.0859375 0.418019
0.09375 0.484154
0.101562 0.485639
0.109375 0.506976
0.117188 0.539167
0.125 0.574418
0.132812 0.57476
0.140625 0.621683
0.148438 0.621958
0.15625 0.639558
0.164062 0.672135
0.171875 0.673472
0.179688 0.673732
0.1875 0.721197
0.195312 0.723738
0.203125 0.726375
0.210938 0.756322
0.21875 0.773521
0.226562 0.773714
0.234375 0.781322
0.242188 0.78147
0.25 0.797837
0.257812 0.798453
0.265625 0.799055
0.273438 0.801774
0.28125 0.820325
0.296875 0.82086
0.304688 0.822405
0.3125 0.826573
0.328125 0.830911
0.34375 0.832449
0.351562 0.835674
0.359375 0.836156
0.375 0.840384
0.382812 0.841595
0.390625 0.842672
0.398438 0.843073
0.40625 0.844574
0.421875 0.848058
0.429688 0.849507
0.4375 0.85285
0.445312 0.853162
0.453125 0.853526
0.46875 0.856906
0.484375 0.857181
0.492188 0.859833
0.5 0.861379
0.507812 0.862434
0.515625 0.863414
0.53125 0.864224
0.539062 0.864491
0.546875 0.866906
0.5625 0.871267
0.585938 0.872886
0.59375 0.873562
0.601562 0.874766
0.609375 0.875487
0.625 0.877203
0.632812 0.878154
0.65625 0.880613
0.664062 0.880947
0.679688 0.881111
0.6875 0.882581
0.703125 0.885724
0.710938 0.88715
0.71875 0.887656
0.726562 0.887827
0.742188 0.888146
0.75 0.890932
0.765625 0.891355
0.773438 0.892046
0.78125 0.892797
0.796875 0.893413
0.8125 0.895308
0.820312 0.897031
0.84375 0.899215
0.859375 0.899431
0.875 0.902425
0.890625 0.902952
0.898438 0.903205
0.90625 0.903539
0.914062 0.904661
0.929688 0.905018
0.9375 0.908227
0.96875 0.908561
0.976562 0.908792
0.984375 0.91004
1 0.910768
1.01562 0.910968
1.03125 0.911318
1.03906 0.9116
1.05469 0.913621
1.0625 0.914698
1.07812 0.915084
1.09375 0.915597
1.125 0.917729
1.13281 0.917878
1.14844 0.918665
1.17188 0.919252
1.1875 0.920002
1.19531 0.920389
1.20312 0.920641
1.21094 0.920797
1.21875 0.921191
1.25 0.922157
1.25781 0.922402
1.26562 0.923554
1.3125 0.926325
1.32812 0.926585
1.33594 0.926904
1.35938 0.927194
1.36719 0.92738
1.375 0.927989
1.40625 0.929579
1.42188 0.929801
1.4375 0.930322
1.45312 0.930611
1.47656 0.93261
1.48438 0.932847
1.5 0.933613
1.53125 0.933784
1.54688 0.934021
1.5625 0.934861
1.58594 0.935039
1.59375 0.935515
1.61719 0.935745
1.625 0.93622
1.64062 0.936599
1.6875 0.9394
1.69531 0.939578
1.71875 0.939771
1.75 0.940373
1.75781 0.940574
1.78125 0.940938
1.79688 0.941116
1.8125 0.941569
1.82812 0.941748
1.85938 0.942023
1.875 0.942921
1.89844 0.9431
1.9375 0.943494
1.95312 0.943627
1.96875 0.944756
2 0.945165
2.03125 0.945306
2.03906 0.945462
2.0625 0.945722
2.07812 0.94593
2.10938 0.946279
2.125 0.946978
2.15625 0.947245
2.17969 0.947424
2.1875 0.94784
2.25 0.948932
2.26562 0.949073
2.29688 0.949266
2.34375 0.949823
2.375 0.950314
2.39062 0.950514
2.40625 0.950685
2.42188 0.950789
2.4375 0.950997
2.5 0.951591
2.51562 0.951725
2.53125 0.953486
2.625 0.954771
2.65625 0.954979
2.67188 0.955194
2.71875 0.955358
2.73438 0.955477
2.75 0.955856
2.8125 0.956539
2.84375 0.95671
2.875 0.957186
2.90625 0.957379
2.95312 0.958575
2.96875 0.958753
3 0.959325
3.0625 0.959451
3.09375 0.95963
3.125 0.960625
3.17188 0.9607
3.1875 0.961019
3.23438 0.961197
3.25 0.961576
3.28125 0.961844
3.375 0.963181
3.39062 0.9633
3.4375 0.963411
3.5 0.963857
3.51562 0.963998
3.5625 0.964288
3.59375 0.964436
3.625 0.964667
3.65625 0.964823
3.71875 0.965038
3.75 0.965625
3.79688 0.966279
3.875 0.966561
3.90625 0.966658
3.9375 0.967393
4 0.967728
4.0625 0.967809
4.07812 0.967943
4.125 0.968121
4.15625 0.9683
4.21875 0.9685
4.25 0.968909
4.3125 0.969035
4.35938 0.969139
4.375 0.969436
4.5 0.970179
4.53125 0.970239
4.59375 0.970409
4.6875 0.971554
4.75 0.971947
4.78125 0.972126
4.8125 0.972245
4.84375 0.972311
4.875 0.972408
5 0.972839
5.03125 0.97295
5.0625 0.973344
5.25 0.973924
5.3125 0.974065
5.34375 0.974228
5.4375 0.97434
5.46875 0.976182
5.5 0.976449
5.625 0.976836
5.6875 0.976932
5.75 0.977133
5.8125 0.977222
5.90625 0.977423
5.9375 0.977564
6 0.977943
6.125 0.978076
6.1875 0.978232
6.25 0.979354
6.34375 0.979451
6.375 0.979666
6.46875 0.979763
6.5 0.979978
6.5625 0.980684
6.75 0.981189
6.78125 0.981256
6.875 0.981353
7 0.981672
7.03125 0.98191
7.125 0.98211
7.1875 0.982192
7.25 0.982437
7.3125 0.982527
7.4375 0.982638
7.5 0.983039
7.59375 0.983151
7.75 0.983321
7.8125 0.983403
7.875 0.98373
8 0.983938
8.125 0.983983
8.15625 0.98402
8.25 0.984079
8.3125 0.984183
8.4375 0.984324
8.5 0.984532
8.625 0.984659
8.71875 0.98474
8.75 0.984919
9 0.985416
9.0625 0.985468
9.1875 0.985565
9.375 0.985699
9.5 0.985922
9.5625 0.986063
9.625 0.986115
9.6875 0.986145
9.75 0.986249
10 0.986509
10.0625 0.98662
10.125 0.986813
10.5 0.988017
10.625 0.988106
10.6875 0.988202
10.875 0.988292
10.9375 0.988366
11 0.9885
11.25 0.988745
11.375 0.988812
11.5 0.98893
11.625 0.988997
11.8125 0.989257
11.875 0.989309
12 0.989569
12.25 0.989636
12.375 0.989696
12.5 0.989874
12.6875 0.989919
12.75 0.990075
12.9375 0.990186
13 0.990327
13.125 0.990424
13.5 0.990691
13.5625 0.990721
13.75 0.990773
14 0.990981
14.0625 0.991026
14.25 0.991107
14.375 0.991137
14.5 0.991204
14.625 0.991263
14.875 0.991338
15 0.991553
15.1875 0.99162
15.5 0.991702
15.625 0.991731
15.75 0.991924
16 0.992058
16.25 0.992095
16.3125 0.992132
16.5 0.992199
16.625 0.992259
16.875 0.992348
17 0.992511
17.25 0.992601
17.4375 0.992638
17.5 0.992682
18 0.993039
18.125 0.993054
18.375 0.993091
18.75 0.993135
19 0.993202
19.125 0.993262
19.25 0.993284
19.375 0.993321
19.5 0.993395
20 0.994287
20.125 0.994332
20.25 0.994465
21 0.994696
21.25 0.994725
21.375 0.994785
21.75 0.994814
21.875 0.994829
22 0.994881
22.5 0.99503
22.75 0.995045
23 0.995134
23.25 0.995186
23.625 0.99526
23.75 0.995297
24 0.995453
24.5 0.995483
24.75 0.99552
25 0.995609
25.375 0.995624
25.5 0.995684
25.875 0.995728
26 0.995765
26.25 0.995825
27 0.995936
27.125 0.995966
27.5 0.995988
28 0.996538
28.125 0.996545
28.5 0.996597
28.75 0.996627
29 0.996642
29.25 0.996664
29.75 0.996679
30 0.996753
30.375 0.996768
31 0.996798
31.25 0.996813
31.5 0.996902
32 0.99708
32.5 0.997103
32.625 0.99711
33 0.997147
33.25 0.997184
33.75 0.997207
34 0.997244
34.5 0.997251
34.875 0.997266
35 0.997311
36 0.997816
36.25 0.997846
36.75 0.997868
37.5 0.997912
38 0.997964
38.25 0.997979
38.5 0.997987
38.75 0.997994
39 0.998016
40 0.998039
40.25 0.998068
40.5 0.998158
42 0.99821
42.5 0.998224
42.75 0.998239
43.5 0.998262
43.75 0.998276
44 0.998314
45 0.998343
45.5 0.998373
46 0.998388
46.5 0.998403
47.25 0.99844
47.5 0.998462
48 0.998507
49 0.998514
49.5 0.998522
50 0.998655
50.75 0.99867
51 0.998707
51.75 0.998715
52 0.998752
52.5 0.998759
54 0.998819
54.25 0.998834
55 0.998848
56 0.998863
56.25 0.998871
57 0.998886
57.5 0.998893
58 0.9989
58.5 0.998908
59.5 0.99893
60 0.998945
60.75 0.998952
62 0.99899
62.5 0.998997
63 0.999034
64 0.999056
65 0.999071
66.5 0.999094
67.5 0.999123
68 0.999161
69 0.999168
69.75 0.999183
70 0.999198
72 0.999279
73.5 0.999287
76 0.999324
76.5 0.999331
78 0.999339
80 0.999383
80.5 0.999391
84 0.999413
85.5 0.999428
87 0.999443
87.5 0.99945
90 0.999465
91 0.99948
92 0.999495
93 0.999502
94.5 0.99951
96 0.999517
100 0.999525
102 0.999532
103.5 0.999539
104 0.999547
108 0.999554
108.5 0.999577
110 0.999584
112.5 0.999599
114 0.999606
116 0.999614
117 0.999621
120 0.999629
124 0.999636
126 0.999666
128 0.999695
130.5 0.999703
132 0.99971
133 0.999718
135 0.999733
136 0.999747
140 0.999755
144 0.999792
152 0.999807
153 0.999822
160 0.999844
161 0.999859
162 0.999866
171 0.999874
175 0.999881
176 0.999889
180 0.999896
184 0.999903
204 0.999918
224 0.999926
225 0.999933
252 0.999948
270 0.999955
352 0.999963
384 0.999978
432 0.999985
468 0.999993
812 1
