0 0.0946371
0.0078125 0.101683
0.015625 0.145764
0.0234375 0.159194
0.03125 0.230558
0.0390625 0.236998
0.046875 0.277785
0.0546875 0.28415
0.0625 0.355735
0.0703125 0.367896
0.078125 0.399577
0.0859375 0.401969
0.09375 0.474069
0.101562 0.476295
0.109375 0.51469
0.117188 0.524552
0.125 0.59185
0.132812 0.591887
0.140625 0.632251
0.148438 0.632269
0.15625 0.669212
0.164062 0.677877
0.171875 0.683267
0.1875 0.726704
0.195312 0.727035
0.203125 0.731451
0.210938 0.738313
0.21875 0.773802
0.226562 0.773894
0.234375 0.780186
0.25 0.815344
0.257812 0.815804
0.265625 0.815877
0.273438 0.816521
0.28125 0.852396
0.296875 0.852433
0.304688 0.854034
0.3125 0.856959
0.328125 0.860399
0.34375 0.860583
0.351562 0.864925
0.359375 0.864943
0.375 0.867354
0.382812 0.868089
0.390625 0.871364
0.40625 0.872634
0.421875 0.875301
0.429688 0.876699
0.4375 0.881722
0.453125 0.881796
0.46875 0.88634
0.484375 0.886377
0.492188 0.886763
0.5 0.887039
0.507812 0.889559
0.515625 0.890829
0.53125 0.890902
0.546875 0.892374
0.5625 0.895667
0.585938 0.899328
0.59375 0.899347
0.601562 0.900598
0.609375 0.902824
0.625 0.903045
0.632812 0.903247
0.65625 0.906688
0.679688 0.906743
0.6875 0.906982
0.703125 0.910054
0.710938 0.914231
0.71875 0.914323
0.726562 0.914341
0.75 0.914617
0.765625 0.915739
0.773438 0.915941
0.78125 0.916125
0.796875 0.916162
0.8125 0.916365
0.820312 0.917542
0.84375 0.919842
0.859375 0.91986
0.875 0.919934
0.890625 0.919971
0.898438 0.919989
0.90625 0.920136
0.914062 0.923503
0.929688 0.923521
0.9375 0.927274
0.96875 0.927311
0.976562 0.927348
0.984375 0.928673
1 0.92882
1.03125 0.92893
1.05469 0.933254
1.0625 0.933364
1.07812 0.933438
1.125 0.933971
1.13281 0.934045
1.14844 0.934137
1.17188 0.934247
1.1875 0.934339
1.20312 0.934357
1.21875 0.934431
1.25 0.934523
1.26562 0.936731
1.3125 0.941441
1.33594 0.941477
1.35938 0.941643
1.36719 0.941661
1.375 0.941716
1.40625 0.941864
1.42188 0.941919
1.4375 0.942011
1.45312 0.942066
1.47656 0.945764
1.48438 0.945782
1.5 0.948156
1.53125 0.948174
1.5625 0.951467
1.58594 0.951522
1.59375 0.951541
1.61719 0.951559
1.625 0.951706
1.64062 0.951725
1.6875 0.954484
1.69531 0.954503
1.75 0.954595
1.75781 0.954632
1.78125 0.95465
1.79688 0.954668
1.8125 0.954779
1.82812 0.954834
1.85938 0.954889
1.875 0.955036
1.89844 0.958366
1.9375 0.958403
1.95312 0.95844
1.96875 0.959452
2 0.959765
2.03125 0.959838
2.03906 0.959893
2.0625 0.959948
2.07812 0.959967
2.10938 0.963462
2.125 0.963499
2.15625 0.963518
2.17969 0.963554
2.1875 0.963591
2.25 0.965909
2.26562 0.965928
2.29688 0.965964
2.34375 0.967602
2.375 0.967657
2.39062 0.967694
2.40625 0.967712
2.42188 0.967731
2.4375 0.967767
2.5 0.967896
2.53125 0.96935
2.625 0.970417
2.65625 0.970435
2.67188 0.970454
2.71875 0.970509
2.73438 0.970527
2.75 0.970545
2.8125 0.970656
2.875 0.970674
2.90625 0.970711
2.95312 0.970729
3 0.970821
3.125 0.972054
3.1875 0.972091
3.23438 0.972109
3.25 0.972146
3.28125 0.972183
3.375 0.975531
3.4375 0.975568
3.5 0.975678
3.5625 0.975734
3.625 0.975789
3.71875 0.975826
3.75 0.975954
3.90625 0.976065
3.9375 0.977334
4 0.977463
4.0625 0.977481
4.07812 0.977518
4.125 0.977537
4.15625 0.977555
4.21875 0.977592
4.25 0.97761
4.375 0.977647
4.5 0.97796
4.53125 0.977978
4.6875 0.979174
4.75 0.979192
4.78125 0.979229
4.875 0.979266
5 0.979358
5.0625 0.979707
5.25 0.980094
5.34375 0.980112
5.4375 0.980149
5.46875 0.981271
5.625 0.981363
5.6875 0.9814
5.75 0.981455
5.8125 0.98151
5.90625 0.981547
5.9375 0.981566
6 0.981639
6.125 0.981658
6.1875 0.981694
6.25 0.982835
6.34375 0.982853
6.375 0.982909
6.46875 0.982945
6.5 0.982982
6.5625 0.984049
6.75 0.984141
6.78125 0.98416
7 0.984233
7.03125 0.985208
7.125 0.985245
7.25 0.985282
7.3125 0.985319
7.5 0.985374
7.59375 0.985411
7.75 0.985429
7.875 0.98771
8 0.988244
8.125 0.988262
8.25 0.988281
8.3125 0.988318
8.75 0.988336
9 0.988428
9.1875 0.988465
9.375 0.98852
9.5 0.988557
9.625 0.988575
10 0.988594
10.125 0.988612
10.5 0.991188
10.6875 0.991224
11 0.991243
11.5 0.99128
11.8125 0.992365
12 0.992531
12.5 0.992586
12.75 0.992604
13.5 0.992623
13.5625 0.992641
14 0.992696
14.25 0.992715
15 0.992733
15.625 0.99277
16 0.992862
16.3125 0.99288
16.625 0.992899
17 0.992935
18 0.992954
18.375 0.992972
18.75 0.992991
19.375 0.993009
20.125 0.993027
21.25 0.993046
21.75 0.993083
22 0.993101
22.5 0.993119
23.75 0.993138
24 0.994242
24.75 0.99426
25 0.994315
27.125 0.994352
28 0.994462
28.5 0.994481
29.25 0.994499
30 0.994518
30.375 0.994536
31.25 0.994554
31.5 0.994591
32 0.997847
33 0.997866
34.5 0.997884
36 0.999043
37.5 0.99908
38 0.999117
38.25 0.999135
38.5 0.999154
39 0.999172
40 0.999191
40.5 0.999209
42 0.999227
42.5 0.999246
42.75 0.999282
43.75 0.999301
49.5 0.999319
51 0.999338
56 0.999374
58 0.999393
62 0.999411
62.5 0.99943
64 0.999466
66.5 0.999485
68 0.999503
69.75 0.999558
72 0.999577
75 0.999595
76 0.999614
81 0.999632
85.5 0.99965
112.5 0.999853
200 0.999871
204 0.99989
306 0.999908
360 0.999945
384 0.999982
400 1
