0 0.097085
0.0078125 0.103616
0.015625 0.147655
0.0234375 0.161631
0.03125 0.231774
0.0390625 0.241275
0.046875 0.292055
0.0546875 0.298795
0.0625 0.372975
0.0703125 0.386322
0.078125 0.424725
0.0859375 0.427143
0.09375 0.494164
0.101562 0.495307
0.109375 0.532035
0.117188 0.542069
0.125 0.605491
0.140625 0.649854
0.15625 0.681499
0.164062 0.687401
0.171875 0.68763
0.179688 0.687649
0.1875 0.727195
0.195312 0.727499
0.203125 0.727633
0.210938 0.733668
0.21875 0.763618
0.226562 0.763675
0.234375 0.769883
0.25 0.799966
0.257812 0.801394
0.265625 0.801451
0.273438 0.802136
0.28125 0.833609
0.296875 0.833647
0.304688 0.837741
0.3125 0.840959
0.328125 0.842939
0.34375 0.845662
0.351562 0.850688
0.359375 0.850726
0.375 0.855886
0.382812 0.856096
0.390625 0.8564
0.40625 0.860208
0.421875 0.862569
0.429688 0.86314
0.4375 0.865292
0.445312 0.865311
0.453125 0.865387
0.46875 0.869138
0.492188 0.870414
0.5 0.870756
0.507812 0.874603
0.515625 0.876183
0.53125 0.876259
0.546875 0.880105
0.5625 0.880638
0.585938 0.88477
0.59375 0.884789
0.601562 0.887131
0.609375 0.890615
0.625 0.890977
0.632812 0.892443
0.65625 0.89747
0.664062 0.897489
0.679688 0.897584
0.6875 0.899792
0.703125 0.905257
0.710938 0.907447
0.71875 0.907542
0.726562 0.907561
0.742188 0.907637
0.75 0.909503
0.765625 0.909827
0.773438 0.90996
0.78125 0.913673
0.8125 0.917214
0.820312 0.919975
0.84375 0.92226
0.859375 0.922279
0.875 0.922736
0.890625 0.922755
0.898438 0.922774
0.90625 0.922964
0.914062 0.923116
0.929688 0.923155
0.9375 0.925934
0.96875 0.926011
0.984375 0.928162
1 0.928372
1.01562 0.92841
1.03125 0.928448
1.03906 0.928505
1.05469 0.932256
1.0625 0.93237
1.07812 0.932389
1.09375 0.932408
1.125 0.932751
1.13281 0.932846
1.14844 0.93395
1.17188 0.934007
1.1875 0.934045
1.19531 0.934084
1.20312 0.934122
1.21094 0.934141
1.21875 0.934198
1.25 0.934312
1.25781 0.93435
1.26562 0.939929
1.3125 0.945793
1.32812 0.94585
1.33594 0.945869
1.35938 0.945926
1.36719 0.945984
1.375 0.946022
1.40625 0.947183
1.42188 0.947221
1.4375 0.947335
1.45312 0.947392
1.47656 0.952362
1.48438 0.952381
1.5 0.952648
1.53125 0.952667
1.54688 0.952705
1.5625 0.952895
1.58594 0.95299
1.59375 0.953028
1.61719 0.953047
1.625 0.953143
1.6875 0.957084
1.69531 0.957103
1.71875 0.957122
1.75 0.957198
1.75781 0.957217
1.78125 0.957274
1.79688 0.957293
1.8125 0.957369
1.82812 0.957446
1.85938 0.957465
1.875 0.957598
1.89844 0.958569
1.9375 0.958588
1.95312 0.958607
1.96875 0.959045
2 0.959292
2.03125 0.959312
2.03906 0.959369
2.0625 0.959388
2.07812 0.959407
2.10938 0.959426
2.125 0.95954
2.15625 0.959559
2.17969 0.959578
2.1875 0.959597
2.25 0.959749
2.26562 0.959768
2.34375 0.959845
2.375 0.959864
2.39062 0.959902
2.42188 0.959921
2.4375 0.959978
2.5 0.960073
2.51562 0.960092
2.53125 0.962491
2.625 0.963843
2.65625 0.963862
2.73438 0.963881
2.75 0.9639
2.8125 0.964052
2.875 0.964072
2.90625 0.96411
2.95312 0.965195
2.96875 0.965214
3 0.965366
3.0625 0.965385
3.09375 0.965404
3.125 0.966832
3.17188 0.96687
3.1875 0.966889
3.23438 0.966908
3.25 0.966947
3.28125 0.967004
3.375 0.969155
3.39062 0.969174
3.5 0.969269
3.5625 0.969308
3.59375 0.969346
3.625 0.969422
3.65625 0.969441
3.71875 0.96946
3.75 0.969517
3.79688 0.973534
3.875 0.973592
3.90625 0.974962
3.9375 0.97561
4 0.976124
4.125 0.976143
4.21875 0.976181
4.25 0.976238
4.35938 0.976276
4.375 0.976314
4.5 0.976428
4.59375 0.976448
4.6875 0.978751
4.75 0.978808
4.78125 0.978828
4.8125 0.978885
4.84375 0.978904
4.875 0.978923
5 0.978999
5.0625 0.979342
5.25 0.981131
5.34375 0.981169
5.4375 0.981227
5.46875 0.982217
5.5 0.982274
5.625 0.982331
5.75 0.98235
5.8125 0.982369
5.90625 0.982426
6 0.982559
6.125 0.982636
6.1875 0.982655
6.25 0.982769
6.34375 0.982788
6.46875 0.982807
6.5 0.982883
6.5625 0.985054
6.75 0.985187
6.875 0.985206
7 0.985244
7.03125 0.985263
7.125 0.985301
7.25 0.98532
7.5 0.985377
7.59375 0.985434
7.75 0.985472
7.875 0.98553
8 0.98692
8.25 0.986939
8.5 0.986958
8.625 0.986996
8.71875 0.987015
9 0.98711
9.1875 0.990423
9.5 0.990499
9.75 0.990518
10 0.990613
10.5 0.991851
10.625 0.99187
10.6875 0.991889
10.875 0.991908
10.9375 0.991965
11.25 0.991984
11.8125 0.992917
11.875 0.992936
12 0.994269
12.25 0.994288
12.5 0.994345
12.9375 0.994364
13 0.994383
13.5 0.99444
14 0.994536
14.25 0.994574
14.375 0.994593
14.5 0.994631
15 0.994688
15.75 0.994707
16 0.995849
16.25 0.995868
18 0.995906
18.75 0.995925
19 0.996002
19.375 0.99604
20 0.997182
20.25 0.99722
21.25 0.997239
22 0.997277
23.75 0.997296
24 0.998629
25.5 0.998648
26.25 0.998667
27.125 0.998686
28 0.998724
28.5 0.998743
28.75 0.998762
30 0.9988
32 0.998934
33.25 0.998953
33.75 0.998972
34 0.99901
36 0.999162
36.25 0.999181
36.75 0.9992
38 0.999238
40 0.999296
40.5 0.999315
42 0.999334
48 0.999353
49 0.999372
49.5 0.99941
54 0.999429
54.25 0.999448
56 0.999467
58.5 0.999486
60 0.999505
62 0.999524
63 0.999543
64 0.999562
66.5 0.999581
69.75 0.999619
72 0.999657
112.5 0.999695
128 0.999714
170 0.999752
192 0.999791
256 0.999867
320 0.999886
360 0.999924
448 0.999981
576 1
