****10*****
8 88621 310 1240 11
16 68476 959 3836 141
24 28794 250 1000 50
32 59241 616 2464 183
40 2933 42 168 6
48 2270 82 328 25
56 701 31 124 3
64 5852 33 132 4
72 462 28 112 2
80 382 33 132 5
88 183 27 108 1
96 229 27 108 1
104 170 28 112 2
112 16965 28 112 2
120 185 27 108 1
128 1303 26 105 1
136 742 34 136 10
144 245 28 113 4
152 249 26 105 1
160 78 26 104 1
168 117 26 104 1
176 4 25 101 0
184 49 26 104 1
192 378 26 105 1
200 35 26 104 1
208 79 26 105 1
216 74 27 108 2
224 1 25 101 0
232 2586 27 109 4
240 79 26 104 1
248 77 26 104 1
256 1183 26 105 2
272 180 26 105 2
288 131 26 105 2
304 171 26 105 2
320 217 26 104 2
336 73 26 104 2
352 94 26 105 2
368 36 26 104 2
384 323 26 105 2
400 74 26 105 3
416 72 26 210 3
432 73 26 210 4
448 143 26 209 3
464 86 26 210 3
480 71 26 210 4
496 627 26 210 4
512 212 26 211 4
544 124 26 211 5
576 2 25 204 1
608 108 26 210 5
640 196 26 211 6
672 104 26 211 5
704 112 26 211 6
736 62 26 211 6
768 153 26 213 8
800 72 26 213 8
832 98 26 316 7
864 6 25 307 2
896 4 25 307 2
928 46 26 316 7
960 34 26 314 6
992 1 25 306 0
1024 1 25 307 1
1088 57 25 309 3
1152 72 25 310 3
1216 44 25 310 3
1280 52 26 416 4
1344 38 26 417 6
1408 66 25 412 4
1472 15 25 412 4
1536 34 26 419 8
1600 15 25 414 4
1664 24 25 514 4
1728 15 25 515 4
1792 20 25 515 5
1856 2 25 514 3
1920 6 25 515 3
1984 2 25 515 3
2048 3 25 516 4
2176 5 25 619 6
2304 4 25 620 6
2432 3 25 619 4
2560 3 25 720 4
2688 3 25 721 5
2816 3 25 722 5
2944 3 25 823 5
3072 3 25 824 5
3200 3 25 825 6
3328 3 25 926 6
3456 3 25 927 6
3584 4 25 928 6
3712 3 25 1029 7
3840 3 25 1030 7
3968 3 25 1031 7
4096 1 25 1028 4
4352 6 25 1138 12
4608 6 25 1240 13
4864 17 26 1286 55
5120 3 25 1345 14
5376 2 25 1442 10
5632 3 25 1449 16
5888 2 25 1546 11
6144 2 25 1548 11
6400 2 25 1650 12
6656 2 25 1752 12
6912 2 25 1754 13
7168 2 25 1856 13
7424 2 25 1958 14
7680 1 25 1952 7
7936 2 25 2062 15
8192 4 26 2080 31
8704 4 25 2276 24
9216 4 25 2381 26
9728 9 25 2485 27
14336 1 25 3598 14
34816 3 25 8772 64
