8 88621 1551 6204 11
16 68476 4796 19184 141
24 28794 1254 5016 50
32 59241 3080 12320 183
40 2933 214 856 6
48 2270 411 1644 25
56 701 159 636 3
64 5852 166 664 4
72 462 144 576 2
80 382 166 664 5
88 183 138 552 1
96 229 136 544 1
104 170 141 564 2
112 16965 141 564 2
120 185 135 540 1
128 1303 134 536 1
136 742 170 680 10
144 245 144 576 4
152 249 133 532 1
160 78 131 524 1
168 117 132 528 1
176 4 129 516 0
184 49 131 524 1
192 378 133 532 1
200 35 131 524 1
208 79 132 528 1
216 74 135 540 2
224 1 128 512 0
232 2586 139 556 4
240 79 131 524 1
248 77 131 524 1
256 1183 132 528 2
272 180 132 528 2
288 131 133 532 2
304 171 132 528 2
320 217 131 524 2
336 73 131 524 2
352 94 132 528 2
368 36 131 524 2
384 323 132 528 2
400 74 132 528 3
416 72 132 528 3
432 73 133 532 4
448 143 131 524 3
464 86 132 528 3
480 71 132 528 4
496 627 132 528 4
512 212 133 532 4
544 124 133 532 5
576 2 129 516 1
608 108 132 528 5
640 196 133 532 6
672 104 132 528 5
704 112 132 528 6
736 62 132 528 6
768 153 133 532 8
800 72 133 532 8
832 98 132 528 7
864 6 129 516 2
896 4 129 516 2
928 46 132 528 7
960 34 131 524 6
992 1 128 512 0
1024 1 128 513 1
1088 57 129 517 3
1152 72 129 517 3
1216 44 129 517 3
1280 52 130 520 4
1344 38 130 521 6
1408 66 129 517 4
1472 15 129 517 4
1536 34 131 524 8
1600 15 129 517 4
1664 24 129 517 4
1728 15 129 517 4
1792 20 129 517 5
1856 2 129 516 3
1920 6 129 516 3
1984 2 129 516 3
2048 3 129 516 4
2176 5 129 1034 6
2304 4 129 1034 6
2432 3 129 1032 4
2560 3 129 1032 4
2688 3 129 1032 5
2816 3 129 1032 5
2944 3 129 1032 5
3072 3 129 1032 5
3200 3 129 1032 6
3328 3 129 1032 6
3456 3 129 1032 6
3584 4 129 1032 6
3712 3 129 1032 7
3840 3 129 1032 7
3968 3 129 1032 7
4096 1 128 1028 4
4352 6 129 1552 12
4608 6 129 1552 13
4864 17 134 1608 55
5120 3 129 1553 14
5376 2 129 1548 10
5632 3 129 1553 16
5888 2 129 1548 11
6144 2 129 1548 11
6400 2 129 2064 12
6656 2 129 2064 12
6912 2 129 2064 13
7168 2 129 2064 13
7424 2 129 2064 14
7680 1 128 2055 7
7936 2 129 2064 15
8192 4 130 2080 31
8704 4 129 2588 24
9216 4 129 2589 26
9728 9 129 2589 27
14336 1 128 3598 14
34816 3 129 8772 64
