****3*****
8 88621 1034 4136 11
16 68476 3197 12788 141
24 28794 836 3344 50
32 59241 2053 8212 183
40 2933 143 572 6
48 2270 274 1096 25
56 701 106 424 3
64 5852 111 444 4
72 462 96 384 2
80 382 110 440 5
88 183 92 368 1
96 229 91 364 1
104 170 94 376 2
112 16965 94 376 2
120 185 90 360 1
128 1303 89 356 1
136 742 113 452 10
144 245 96 384 4
152 249 89 356 1
160 78 87 348 1
168 117 88 352 1
176 4 86 344 0
184 49 87 348 1
192 378 88 352 1
200 35 87 348 1
208 79 88 352 1
216 74 90 360 2
224 1 85 340 0
232 2586 92 368 4
240 79 87 348 1
248 77 87 348 1
256 1183 88 352 2
272 180 88 352 2
288 131 88 352 2
304 171 88 352 2
320 217 87 348 2
336 73 87 348 2
352 94 88 352 2
368 36 87 348 2
384 323 88 352 2
400 74 88 352 3
416 72 88 352 3
432 73 88 352 4
448 143 87 348 3
464 86 88 352 3
480 71 88 352 4
496 627 88 352 4
512 212 88 353 4
544 124 89 356 5
576 2 86 344 1
608 108 88 352 5
640 196 88 353 6
672 104 88 352 5
704 112 88 352 6
736 62 88 352 6
768 153 89 356 8
800 72 89 356 8
832 98 88 352 7
864 6 86 344 2
896 4 86 344 2
928 46 88 352 7
960 34 87 349 6
992 1 85 341 0
1024 1 85 342 1
1088 57 86 345 3
1152 72 86 345 3
1216 44 86 345 3
1280 52 86 346 4
1344 38 87 348 6
1408 66 86 689 4
1472 15 86 689 4
1536 34 87 697 8
1600 15 86 689 4
1664 24 86 689 4
1728 15 86 689 4
1792 20 86 689 5
1856 2 86 688 3
1920 6 86 688 3
1984 2 86 688 3
2048 3 86 688 4
2176 5 86 690 6
2304 4 86 690 6
2432 3 86 688 4
2560 3 86 688 4
2688 3 86 688 5
2816 3 86 1032 5
2944 3 86 1032 5
3072 3 86 1032 5
3200 3 86 1032 6
3328 3 86 1032 6
3456 3 86 1032 6
3584 4 86 1032 6
3712 3 86 1032 7
3840 3 86 1032 7
3968 3 86 1032 7
4096 1 85 1028 4
4352 6 86 1380 12
4608 6 86 1380 13
4864 17 89 1428 55
5120 3 86 1381 14
5376 2 86 1376 10
5632 3 86 1725 16
5888 2 86 1720 11
6144 2 86 1720 11
6400 2 86 1720 12
6656 2 86 1720 12
6912 2 86 2064 13
7168 2 86 2064 13
7424 2 86 2064 14
7680 1 85 2055 7
7936 2 86 2064 15
8192 4 86 2080 31
8704 4 86 2416 24
9216 4 86 2417 26
9728 9 86 2761 27
14336 1 85 3768 14
34816 3 86 8944 64
