****4*****
8 88621 775 3100 11
16 68476 2398 9592 141
24 28794 627 2508 50
32 59241 1540 6160 183
40 2933 107 428 6
48 2270 205 820 25
56 701 79 316 3
64 5852 83 332 4
72 462 72 288 2
80 382 83 332 5
88 183 69 276 1
96 229 68 272 1
104 170 70 280 2
112 16965 70 280 2
120 185 67 268 1
128 1303 67 268 1
136 742 85 340 10
144 245 72 288 4
152 249 66 264 1
160 78 65 260 1
168 117 66 264 1
176 4 64 256 0
184 49 65 260 1
192 378 66 264 1
200 35 65 260 1
208 79 66 264 1
216 74 67 268 2
224 1 64 256 0
232 2586 69 276 4
240 79 65 260 1
248 77 65 260 1
256 1183 66 264 2
272 180 66 264 2
288 131 66 264 2
304 171 66 264 2
320 217 65 260 2
336 73 65 260 2
352 94 66 264 2
368 36 65 260 2
384 323 66 264 2
400 74 66 264 3
416 72 66 264 3
432 73 66 264 4
448 143 65 261 3
464 86 66 264 3
480 71 66 264 4
496 627 66 264 4
512 212 66 265 4
544 124 66 265 5
576 2 64 257 1
608 108 66 264 5
640 196 66 265 6
672 104 66 264 5
704 112 66 264 6
736 62 66 264 6
768 153 66 266 8
800 72 66 266 8
832 98 66 264 7
864 6 64 258 2
896 4 64 258 2
928 46 66 264 7
960 34 65 262 6
992 1 64 256 0
1024 1 64 257 1
1088 57 64 515 3
1152 72 64 515 3
1216 44 64 515 3
1280 52 65 520 4
1344 38 65 521 6
1408 66 64 516 4
1472 15 64 516 4
1536 34 65 523 8
1600 15 64 516 4
1664 24 64 516 4
1728 15 64 517 4
1792 20 64 517 5
1856 2 64 515 3
1920 6 64 515 3
1984 2 64 515 3
2048 3 64 516 4
2176 5 64 774 6
2304 4 64 774 6
2432 3 64 772 4
2560 3 64 773 4
2688 3 64 773 5
2816 3 64 773 5
2944 3 64 773 5
3072 3 64 774 5
3200 3 64 1030 6
3328 3 64 1030 6
3456 3 64 1030 6
3584 4 64 1031 6
3712 3 64 1031 7
3840 3 64 1031 7
3968 3 64 1031 7
4096 1 64 1028 4
4352 6 64 1292 12
4608 6 64 1293 13
4864 17 67 1340 55
5120 3 64 1295 14
5376 2 64 1546 10
5632 3 64 1552 16
5888 2 64 1547 11
6144 2 64 1548 11
6400 2 64 1804 12
6656 2 64 1805 12
6912 2 64 1805 13
7168 2 64 1806 13
7424 2 64 2062 14
7680 1 64 2055 7
7936 2 64 2063 15
8192 4 65 2080 31
8704 4 64 2329 24
9216 4 64 2331 26
9728 9 64 2588 27
14336 1 64 3598 14
34816 3 64 8772 64
