****5*****
8 88621 620 2480 11
16 68476 1918 7672 141
24 28794 501 2004 50
32 59241 1232 4928 183
40 2933 85 340 6
48 2270 164 656 25
56 701 63 252 3
64 5852 66 264 4
72 462 57 228 2
80 382 66 264 5
88 183 55 220 1
96 229 54 216 1
104 170 56 224 2
112 16965 56 224 2
120 185 54 216 1
128 1303 53 212 1
136 742 68 272 10
144 245 57 228 4
152 249 53 212 1
160 78 52 208 1
168 117 53 212 1
176 4 51 204 0
184 49 52 208 1
192 378 53 212 1
200 35 52 208 1
208 79 53 212 1
216 74 54 216 2
224 1 51 204 0
232 2586 55 220 4
240 79 52 208 1
248 77 52 208 1
256 1183 53 212 2
272 180 53 212 2
288 131 53 212 2
304 171 53 212 2
320 217 52 208 2
336 73 52 208 2
352 94 52 209 2
368 36 52 208 2
384 323 52 209 2
400 74 52 209 3
416 72 53 212 3
432 73 53 212 4
448 143 52 209 3
464 86 53 212 3
480 71 53 212 4
496 627 53 212 4
512 212 53 212 4
544 124 53 213 5
576 2 51 205 1
608 108 53 212 5
640 196 53 212 6
672 104 53 212 5
704 112 53 212 6
736 62 53 212 6
768 153 53 213 8
800 72 53 213 8
832 98 53 424 7
864 6 51 411 2
896 4 51 411 2
928 46 53 424 7
960 34 52 418 6
992 1 51 409 0
1024 1 51 410 1
1088 57 51 412 3
1152 72 51 412 3
1216 44 51 412 3
1280 52 52 416 4
1344 38 52 417 6
1408 66 51 413 4
1472 15 51 413 4
1536 34 52 419 8
1600 15 51 414 4
1664 24 51 618 4
1728 15 51 618 4
1792 20 51 619 5
1856 2 51 617 3
1920 6 51 617 3
1984 2 51 617 3
2048 3 51 618 4
2176 5 51 620 6
2304 4 51 621 6
2432 3 51 619 4
2560 3 51 823 4
2688 3 51 823 5
2816 3 51 824 5
2944 3 51 824 5
3072 3 51 825 5
3200 3 51 825 6
3328 3 51 1029 6
3456 3 51 1030 6
3584 4 51 1030 6
3712 3 51 1030 7
3840 3 51 1031 7
3968 3 51 1031 7
4096 1 51 1028 4
4352 6 51 1241 12
4608 6 51 1242 13
4864 17 53 1286 55
5120 3 51 1448 14
5376 2 51 1443 10
5632 3 51 1450 16
5888 2 51 1649 11
6144 2 51 1650 11
6400 2 51 1650 12
6656 2 51 1855 12
6912 2 51 1856 13
7168 2 51 1857 13
7424 2 51 2061 14
7680 1 51 2055 7
7936 2 51 2063 15
8192 4 52 2080 31
8704 4 51 2278 24
9216 4 51 2484 26
9728 9 51 2486 27
14336 1 51 3700 14
34816 3 51 8874 64
