****6*****
8 88621 517 2068 11
16 68476 1598 6392 141
24 28794 418 1672 50
32 59241 1026 4104 183
40 2933 71 284 6
48 2270 137 548 25
56 701 53 212 3
64 5852 55 220 4
72 462 48 192 2
80 382 55 220 5
88 183 46 184 1
96 229 45 180 1
104 170 47 188 2
112 16965 47 188 2
120 185 45 180 1
128 1303 44 176 1
136 742 56 224 10
144 245 48 192 4
152 249 44 176 1
160 78 43 172 1
168 117 44 176 1
176 4 43 172 0
184 49 43 172 1
192 378 44 176 1
200 35 43 172 1
208 79 44 176 1
216 74 45 180 2
224 1 42 169 0
232 2586 46 184 4
240 79 43 173 1
248 77 43 173 1
256 1183 44 176 2
272 180 44 176 2
288 131 44 176 2
304 171 44 176 2
320 217 43 173 2
336 73 43 173 2
352 94 44 176 2
368 36 43 173 2
384 323 44 176 2
400 74 44 176 3
416 72 44 176 3
432 73 44 176 4
448 143 43 174 3
464 86 44 176 3
480 71 44 176 4
496 627 44 176 4
512 212 44 177 4
544 124 44 177 5
576 2 43 172 1
608 108 44 176 5
640 196 44 177 6
672 104 44 176 5
704 112 44 352 6
736 62 44 352 6
768 153 44 354 8
800 72 44 354 8
832 98 44 352 7
864 6 43 344 2
896 4 43 344 2
928 46 44 352 7
960 34 43 348 6
992 1 42 340 0
1024 1 42 341 1
1088 57 43 345 3
1152 72 43 345 3
1216 44 43 345 3
1280 52 43 346 4
1344 38 43 347 6
1408 66 43 517 4
1472 15 43 517 4
1536 34 43 522 8
1600 15 43 517 4
1664 24 43 517 4
1728 15 43 517 4
1792 20 43 517 5
1856 2 43 516 3
1920 6 43 516 3
1984 2 43 516 3
2048 3 43 516 4
2176 5 43 690 6
2304 4 43 690 6
2432 3 43 688 4
2560 3 43 688 4
2688 3 43 688 5
2816 3 43 860 5
2944 3 43 860 5
3072 3 43 860 5
3200 3 43 860 6
3328 3 43 860 6
3456 3 43 1032 6
3584 4 43 1032 6
3712 3 43 1032 7
3840 3 43 1032 7
3968 3 43 1032 7
4096 1 42 1028 4
4352 6 43 1208 12
4608 6 43 1208 13
4864 17 44 1427 55
5120 3 43 1381 14
5376 2 43 1376 10
5632 3 43 1553 16
5888 2 43 1548 11
6144 2 43 1548 11
6400 2 43 1720 12
6656 2 43 1720 12
6912 2 43 1892 13
7168 2 43 1892 13
7424 2 43 1892 14
7680 1 42 2053 7
7936 2 43 2064 15
8192 4 43 2080 31
8704 4 43 2244 24
9216 4 43 2417 26
9728 9 43 2589 27
14336 1 42 3598 14
34816 3 43 8772 64
