****7*****
8 88621 443 1772 11
16 68476 1370 5480 141
24 28794 358 1432 50
32 59241 880 3520 183
40 2933 61 244 6
48 2270 117 468 25
56 701 45 180 3
64 5852 47 188 4
72 462 41 164 2
80 382 47 188 5
88 183 39 156 1
96 229 39 156 1
104 170 40 160 2
112 16965 40 160 2
120 185 38 152 1
128 1303 38 152 1
136 742 48 192 10
144 245 41 164 4
152 249 38 152 1
160 78 37 148 1
168 117 37 148 1
176 4 36 145 0
184 49 37 148 1
192 378 38 152 1
200 35 37 148 1
208 79 37 149 1
216 74 38 152 2
224 1 36 145 0
232 2586 39 157 4
240 79 37 148 1
248 77 37 148 1
256 1183 37 149 2
272 180 37 149 2
288 131 38 152 2
304 171 37 149 2
320 217 37 149 2
336 73 37 149 2
352 94 37 149 2
368 36 37 149 2
384 323 37 149 2
400 74 37 149 3
416 72 37 150 3
432 73 38 152 4
448 143 37 149 3
464 86 37 150 3
480 71 37 150 4
496 627 37 150 4
512 212 38 152 4
544 124 38 152 5
576 2 36 147 1
608 108 37 299 5
640 196 38 304 6
672 104 37 299 5
704 112 37 300 6
736 62 37 300 6
768 153 38 304 8
800 72 38 304 8
832 98 37 300 7
864 6 37 296 2
896 4 37 296 2
928 46 37 301 7
960 34 37 299 6
992 1 36 292 0
1024 1 36 293 1
1088 57 37 296 3
1152 72 37 296 3
1216 44 37 444 3
1280 52 37 445 4
1344 38 37 446 6
1408 66 37 444 4
1472 15 37 444 4
1536 34 37 448 8
1600 15 37 444 4
1664 24 37 444 4
1728 15 37 444 4
1792 20 37 592 5
1856 2 36 586 3
1920 6 36 587 3
1984 2 36 587 3
2048 3 36 588 4
2176 5 37 592 6
2304 4 37 592 6
2432 3 36 734 4
2560 3 36 735 4
2688 3 36 735 5
2816 3 36 736 5
2944 3 36 881 5
3072 3 36 882 5
3200 3 36 882 6
3328 3 36 883 6
3456 3 36 884 6
3584 4 36 1029 6
3712 3 36 1029 7
3840 3 36 1030 7
3968 3 36 1031 7
4096 1 36 1028 4
4352 6 37 1184 12
4608 6 37 1184 13
4864 17 38 1377 55
5120 3 37 1332 14
5376 2 36 1471 10
5632 3 37 1480 16
5888 2 36 1618 11
6144 2 36 1620 11
6400 2 36 1621 12
6656 2 36 1767 12
6912 2 36 1768 13
7168 2 36 1914 13
7424 2 36 1915 14
7680 1 36 2053 7
7936 2 36 2062 15
8192 4 37 2080 31
8704 4 37 2220 24
9216 4 37 2368 26
9728 9 37 2516 27
14336 1 36 3670 14
34816 3 36 8844 64
