****8*****
8 88621 387 1548 11
16 68476 1199 4796 141
24 28794 313 1252 50
32 59241 770 3080 183
40 2933 53 212 6
48 2270 102 408 25
56 701 39 156 3
64 5852 41 164 4
72 462 36 144 2
80 382 41 164 5
88 183 34 136 1
96 229 34 136 1
104 170 35 140 2
112 16965 35 140 2
120 185 33 132 1
128 1303 33 132 1
136 742 42 168 10
144 245 36 144 4
152 249 33 132 1
160 78 32 129 1
168 117 33 132 1
176 4 32 128 0
184 49 32 129 1
192 378 33 132 1
200 35 32 129 1
208 79 33 132 1
216 74 33 133 2
224 1 32 128 0
232 2586 34 137 4
240 79 32 129 1
248 77 32 129 1
256 1183 33 132 2
272 180 33 132 2
288 131 33 132 2
304 171 33 132 2
320 217 32 130 2
336 73 32 130 2
352 94 33 132 2
368 36 32 130 2
384 323 33 132 2
400 74 33 132 3
416 72 33 132 3
432 73 33 132 4
448 143 32 131 3
464 86 33 132 3
480 71 33 132 4
496 627 33 132 4
512 212 33 133 4
544 124 33 265 5
576 2 32 257 1
608 108 33 264 5
640 196 33 265 6
672 104 33 264 5
704 112 33 264 6
736 62 33 264 6
768 153 33 266 8
800 72 33 266 8
832 98 33 264 7
864 6 32 258 2
896 4 32 258 2
928 46 33 264 7
960 34 32 262 6
992 1 32 256 0
1024 1 32 257 1
1088 57 32 387 3
1152 72 32 387 3
1216 44 32 387 3
1280 52 32 389 4
1344 38 32 390 6
1408 66 32 388 4
1472 15 32 388 4
1536 34 32 393 8
1600 15 32 516 4
1664 24 32 516 4
1728 15 32 517 4
1792 20 32 517 5
1856 2 32 515 3
1920 6 32 515 3
1984 2 32 515 3
2048 3 32 516 4
2176 5 32 646 6
2304 4 32 646 6
2432 3 32 644 4
2560 3 32 645 4
2688 3 32 773 5
2816 3 32 773 5
2944 3 32 773 5
3072 3 32 774 5
3200 3 32 902 6
3328 3 32 902 6
3456 3 32 902 6
3584 4 32 903 6
3712 3 32 1031 7
3840 3 32 1031 7
3968 3 32 1031 7
4096 1 32 1028 4
4352 6 32 1164 12
4608 6 32 1165 13
4864 17 33 1339 55
5120 3 32 1295 14
5376 2 32 1418 10
5632 3 32 1424 16
5888 2 32 1547 11
6144 2 32 1548 11
6400 2 32 1676 12
6656 2 32 1677 12
6912 2 32 1805 13
7168 2 32 1806 13
7424 2 32 1934 14
7680 1 32 1927 7
7936 2 32 2063 15
8192 4 32 2080 31
8704 4 32 2201 24
9216 4 32 2331 26
9728 9 32 2460 27
14336 1 32 3598 14
34816 3 32 8772 64
