****9*****
8 88621 344 1376 11
16 68476 1065 4260 141
24 28794 278 1112 50
32 59241 684 2736 183
40 2933 47 188 6
48 2270 91 364 25
56 701 35 140 3
64 5852 37 148 4
72 462 32 128 2
80 382 36 144 5
88 183 30 120 1
96 229 30 120 1
104 170 31 124 2
112 16965 31 124 2
120 185 30 120 1
128 1303 29 116 1
136 742 37 148 10
144 245 32 128 4
152 249 29 116 1
160 78 29 116 1
168 117 29 116 1
176 4 28 113 0
184 49 29 116 1
192 378 29 116 1
200 35 29 116 1
208 79 29 116 1
216 74 30 120 2
224 1 28 113 0
232 2586 30 121 4
240 79 29 116 1
248 77 29 116 1
256 1183 29 117 2
272 180 29 117 2
288 131 29 117 2
304 171 29 117 2
320 217 29 116 2
336 73 29 116 2
352 94 29 117 2
368 36 29 116 2
384 323 29 117 2
400 74 29 117 3
416 72 29 117 3
432 73 29 118 4
448 143 29 116 3
464 86 29 233 3
480 71 29 233 4
496 627 29 233 4
512 212 29 234 4
544 124 29 235 5
576 2 28 227 1
608 108 29 234 5
640 196 29 235 6
672 104 29 234 5
704 112 29 234 6
736 62 29 234 6
768 153 29 236 8
800 72 29 236 8
832 98 29 235 7
864 6 28 229 2
896 4 28 230 2
928 46 29 351 7
960 34 29 349 6
992 1 28 340 0
1024 1 28 341 1
1088 57 28 343 3
1152 72 28 343 3
1216 44 28 344 3
1280 52 28 346 4
1344 38 29 348 6
1408 66 28 457 4
1472 15 28 458 4
1536 34 29 465 8
1600 15 28 458 4
1664 24 28 459 4
1728 15 28 459 4
1792 20 28 460 5
1856 2 28 570 3
1920 6 28 571 3
1984 2 28 571 3
2048 3 28 572 4
2176 5 28 574 6
2304 4 28 687 6
2432 3 28 686 4
2560 3 28 687 4
2688 3 28 687 5
2816 3 28 800 5
2944 3 28 801 5
3072 3 28 802 5
3200 3 28 914 6
3328 3 28 915 6
3456 3 28 916 6
3584 4 28 917 6
3712 3 28 1029 7
3840 3 28 1030 7
3968 3 28 1031 7
4096 1 28 1028 4
4352 6 28 1149 12
4608 6 28 1263 13
4864 17 29 1309 55
5120 3 28 1379 14
5376 2 28 1375 10
5632 3 28 1494 16
5888 2 28 1490 11
6144 2 28 1604 11
6400 2 28 1717 12
6656 2 28 1719 12
6912 2 28 1832 13
7168 2 28 1834 13
7424 2 28 1947 14
7680 1 28 1941 7
7936 2 28 2062 15
8192 4 28 2080 31
8704 4 28 2299 24
9216 4 28 2415 26
9728 9 28 2530 27
14336 1 28 3654 14
34816 3 28 8828 64
