0 0.0626858
0.0078125 0.066794
0.015625 0.0966684
0.0234375 0.106615
0.03125 0.153282
0.0390625 0.157679
0.046875 0.190328
0.0546875 0.195715
0.0625 0.246311
0.0703125 0.254005
0.078125 0.276455
0.0859375 0.282023
0.09375 0.341808
0.101562 0.347268
0.109375 0.372781
0.117188 0.376439
0.125 0.419413
0.132812 0.419431
0.140625 0.44808
0.15625 0.495757
0.164062 0.500333
0.171875 0.517361
0.179688 0.517397
0.1875 0.566389
0.195312 0.566677
0.203125 0.591272
0.210938 0.598011
0.21875 0.646804
0.226562 0.646877
0.234375 0.653471
0.242188 0.653489
0.25 0.676246
0.257812 0.680012
0.265625 0.680066
0.273438 0.680553
0.28125 0.708085
0.296875 0.708103
0.304688 0.713797
0.3125 0.737184
0.328125 0.742716
0.34375 0.765545
0.351562 0.766014
0.359375 0.766032
0.375 0.790086
0.382812 0.79023
0.390625 0.792717
0.398438 0.792735
0.40625 0.815889
0.421875 0.816862
0.429688 0.81715
0.4375 0.840952
0.453125 0.840988
0.46875 0.84497
0.484375 0.844988
0.492188 0.846718
0.5 0.846934
0.507812 0.850322
0.515625 0.851006
0.53125 0.85106
0.539062 0.851096
0.546875 0.853132
0.5625 0.855835
0.585938 0.857547
0.59375 0.857601
0.601562 0.858934
0.609375 0.862682
0.625 0.863061
0.632812 0.864754
0.65625 0.869187
0.679688 0.869241
0.6875 0.869745
0.703125 0.876502
0.710938 0.877583
0.71875 0.877619
0.75 0.879601
0.765625 0.881421
0.773438 0.882971
0.78125 0.883565
0.8125 0.886953
0.820312 0.887457
0.84375 0.890142
0.859375 0.892412
0.875 0.89407
0.890625 0.894088
0.898438 0.894106
0.90625 0.894178
0.914062 0.897151
0.929688 0.897187
0.9375 0.901025
0.945312 0.901115
0.96875 0.901133
0.976562 0.901151
0.984375 0.902845
1 0.902899
1.01562 0.904737
1.03125 0.906359
1.03906 0.906377
1.05469 0.90807
1.0625 0.908106
1.07812 0.908124
1.09375 0.908305
1.11719 0.911386
1.125 0.912863
1.13281 0.912935
1.14844 0.91335
1.17188 0.913692
1.1875 0.913746
1.20312 0.913908
1.21875 0.914863
1.25 0.914899
1.26562 0.914935
1.28906 0.918071
1.3125 0.918215
1.32031 0.918269
1.32812 0.918287
1.33594 0.918323
1.35938 0.918485
1.375 0.918521
1.40625 0.919476
1.42188 0.922845
1.4375 0.922863
1.45312 0.922881
1.46094 0.9229
1.47656 0.926053
1.48438 0.926071
1.5 0.926936
1.52344 0.928395
1.53125 0.928449
1.54688 0.928467
1.5625 0.928972
1.58594 0.92899
1.59375 0.929062
1.625 0.929116
1.63281 0.929134
1.64062 0.932035
1.6875 0.934936
1.69531 0.934954
1.71875 0.935098
1.72656 0.935134
1.75 0.935206
1.79688 0.935242
1.80469 0.935278
1.8125 0.935368
1.82812 0.935404
1.85938 0.935422
1.875 0.936053
1.89062 0.936071
1.89844 0.936503
1.92969 0.936539
1.9375 0.936575
1.95312 0.936593
1.96875 0.936684
2 0.93672
2.03125 0.936792
2.03906 0.936828
2.0625 0.936918
2.10938 0.939566
2.125 0.939603
2.13281 0.942017
2.15625 0.942071
2.1875 0.942143
2.23438 0.942179
2.25 0.942377
2.26562 0.942521
2.29688 0.943945
2.32031 0.945386
2.34375 0.946846
2.375 0.946864
2.39062 0.946882
2.40625 0.946918
2.4375 0.948594
2.49219 0.948648
2.5 0.948702
2.53125 0.953459
2.53906 0.953477
2.625 0.958125
2.64062 0.958143
2.65625 0.958161
2.71875 0.958233
2.74219 0.95827
2.75 0.958342
2.8125 0.958846
2.84375 0.958882
2.875 0.958918
2.90625 0.958954
2.95312 0.95899
2.96875 0.959008
3 0.959315
3.09375 0.959351
3.125 0.959837
3.17188 0.959909
3.1875 0.959945
3.25 0.960017
3.28125 0.960071
3.375 0.962666
3.39062 0.962684
3.45312 0.962702
3.5 0.962738
3.5625 0.962756
3.625 0.962774
3.65625 0.96281
3.71875 0.962846
3.75 0.962972
3.79688 0.963008
3.85938 0.963026
3.875 0.963062
3.90625 0.96454
3.9375 0.96463
3.95312 0.964648
4 0.964756
4.0625 0.964846
4.07812 0.964882
4.125 0.964918
4.15625 0.964954
4.21875 0.965459
4.25 0.965477
4.3125 0.965531
4.375 0.965549
4.5 0.965675
4.53125 0.965693
4.64062 0.965765
4.67188 0.965783
4.6875 0.965891
4.75 0.965981
4.78125 0.966053
4.8125 0.966089
4.875 0.966126
4.98438 0.966144
5 0.966198
5.03125 0.966216
5.0625 0.966324
5.15625 0.966342
5.25 0.966414
5.28125 0.96645
5.4375 0.966486
5.46875 0.966504
5.48438 0.967873
5.625 0.967981
5.6875 0.967999
5.75 0.968071
5.8125 0.968108
5.90625 0.969891
5.9375 0.969909
6 0.970054
6.125 0.97009
6.1875 0.970144
6.25 0.970216
6.375 0.970234
6.5 0.97027
6.5625 0.971927
6.75 0.972054
6.78125 0.97209
6.875 0.972108
6.90625 0.972144
7 0.97227
7.03125 0.973153
7.1875 0.973171
7.21875 0.973189
7.25 0.973243
7.3125 0.973495
7.4375 0.973513
7.5 0.973585
7.59375 0.973621
7.8125 0.975279
7.875 0.976973
8 0.977009
8.125 0.977045
8.15625 0.977063
8.25 0.977099
8.3125 0.977153
8.4375 0.977171
8.59375 0.977964
8.625 0.978
8.75 0.978018
9 0.978126
9.0625 0.978144
9.1875 0.978162
9.28125 0.97818
9.375 0.978234
9.5 0.97827
9.75 0.978324
10 0.978414
10.1562 0.981441
10.3125 0.981459
10.5 0.982306
10.5625 0.982324
10.6562 0.982342
10.875 0.98236
10.9375 0.983765
10.9688 0.983783
11 0.983802
11.25 0.98382
11.375 0.983892
11.5 0.98391
11.625 0.983928
11.7812 0.983946
11.8125 0.98436
11.875 0.984378
12 0.984486
12.25 0.984504
12.75 0.98454
13 0.984594
13.125 0.986036
13.5 0.986108
13.5625 0.986126
13.75 0.986144
14.0625 0.986342
14.25 0.986378
14.4375 0.98773
14.875 0.987766
15 0.987784
15.75 0.988612
16 0.990108
16.25 0.990144
16.3125 0.990162
16.625 0.99018
17 0.990198
17.0625 0.991928
17.25 0.991946
17.4375 0.991982
17.5 0.992
17.875 0.992018
18 0.992252
18.375 0.99391
20 0.994252
20.125 0.99427
20.25 0.994288
21.25 0.994324
21.375 0.994342
22.75 0.99436
23.25 0.994378
23.5625 0.994396
23.625 0.994432
23.75 0.99445
24 0.994486
24.75 0.994504
25 0.994721
26 0.994775
27.125 0.994793
28 0.994829
28.5 0.994847
28.875 0.994865
29 0.994883
30 0.994901
30.875 0.994919
31 0.994955
32 0.997135
33 0.997153
34 0.997171
35 0.997207
36 0.997225
38 0.997243
39 0.997261
40 0.997315
42.75 0.997333
43.75 0.997351
44 0.997405
46.75 0.997423
47.5 0.997459
48 0.997568
49.5 0.997586
50.375 0.997604
50.75 0.997622
51.75 0.99764
52 0.999369
54.25 0.999387
55 0.999405
56 0.999441
57.5 0.999459
60.5 0.999477
63 0.999514
64 0.999532
65 0.99955
66 0.999568
66.5 0.999622
67.5 0.999658
75 0.999676
77 0.999694
77.5 0.99973
85.5 0.999748
96 0.999784
102 0.99982
104.5 0.999838
119 0.999856
126 0.999874
137.5 0.99991
272 0.999928
504 0.999964
640 1
