0 0.0670314
0.0078125 0.0845912
0.015625 0.110419
0.0234375 0.128524
0.03125 0.15818
0.0390625 0.175769
0.046875 0.20172
0.0546875 0.219402
0.0625 0.255685
0.0703125 0.301743
0.078125 0.327557
0.0859375 0.345121
0.09375 0.375482
0.101562 0.393024
0.109375 0.418673
0.117188 0.41914
0.125 0.438102
0.132812 0.438103
0.140625 0.474797
0.15625 0.487382
0.164062 0.487768
0.171875 0.496392
0.1875 0.516036
0.195312 0.516071
0.203125 0.524033
0.210938 0.552564
0.21875 0.564775
0.226562 0.564778
0.234375 0.5658
0.25 0.576692
0.257812 0.577031
0.265625 0.577033
0.273438 0.577072
0.28125 0.609693
0.296875 0.609694
0.304688 0.610052
0.3125 0.620993
0.328125 0.621664
0.34375 0.625783
0.351562 0.654459
0.359375 0.654465
0.375 0.665515
0.382812 0.665545
0.390625 0.665685
0.40625 0.669942
0.421875 0.698797
0.429688 0.698895
0.4375 0.709814
0.445312 0.709818
0.453125 0.709831
0.46875 0.710269
0.492188 0.73878
0.5 0.745727
0.507812 0.745888
0.515625 0.746007
0.53125 0.746015
0.539062 0.746017
0.546875 0.746243
0.5625 0.781527
0.585938 0.781534
0.601562 0.781585
0.609375 0.781817
0.625 0.788791
0.632812 0.817152
0.65625 0.817281
0.679688 0.817289
0.6875 0.824391
0.703125 0.852788
0.710938 0.852834
0.71875 0.852839
0.726562 0.852841
0.742188 0.852843
0.75 0.859835
0.765625 0.859896
0.773438 0.888248
0.78125 0.888566
0.796875 0.888568
0.8125 0.896159
0.84375 0.924809
0.859375 0.925141
0.875 0.932201
0.898438 0.932203
0.90625 0.932217
0.914062 0.960419
0.929688 0.960421
0.9375 0.960875
0.945312 0.961032
0.984375 0.989253
1 0.989263
1.01562 0.989432
1.03125 0.989482
1.03906 0.989484
1.05469 0.989683
1.0625 0.989688
1.09375 0.989966
1.11719 0.990016
1.125 0.990283
1.14844 0.990285
1.17188 0.990819
1.1875 0.990822
1.20312 0.990977
1.21094 0.990979
1.21875 0.991244
1.25 0.991251
1.26562 0.991272
1.3125 0.991741
1.32812 0.991745
1.33594 0.991747
1.35938 0.99175
1.36719 0.991754
1.375 0.991761
1.40625 0.991796
1.42188 0.992364
1.4375 0.992367
1.45312 0.992371
1.47656 0.992487
1.48438 0.992489
1.5 0.99262
1.52344 0.992911
1.53125 0.993093
1.54688 0.993098
1.5625 0.993257
1.58594 0.993264
1.59375 0.993268
1.61719 0.993271
1.625 0.993279
1.63281 0.993282
1.64062 0.993441
1.6875 0.993748
1.71875 0.993759
1.75 0.993769
1.75781 0.99377
1.78125 0.993772
1.79688 0.993782
1.80469 0.993809
1.8125 0.993815
1.82812 0.993817
1.85938 0.99382
1.875 0.993833
1.89844 0.99398
1.92969 0.993982
1.9375 0.993986
1.96875 0.993993
2 0.994001
2.03125 0.994012
2.03906 0.994014
2.0625 0.994019
2.07812 0.994028
2.10938 0.994037
2.125 0.994047
2.13281 0.994293
2.15625 0.994295
2.17969 0.994297
2.1875 0.994301
2.25 0.994314
2.26562 0.994319
2.29688 0.994481
2.34375 0.994492
2.39062 0.994494
2.42188 0.994498
2.4375 0.994505
2.49219 0.994518
2.5 0.994533
2.51562 0.994535
2.53125 0.994575
2.625 0.994759
2.64062 0.994761
2.66406 0.994763
2.71875 0.994778
2.73438 0.994781
2.74219 0.994934
2.75 0.994942
2.8125 0.9951
2.84375 0.995107
2.875 0.995111
2.92188 0.995113
2.94531 0.995115
2.95312 0.995234
2.96875 0.995236
3 0.995245
3.0625 0.995249
3.09375 0.995251
3.125 0.995257
3.17188 0.995266
3.1875 0.995269
3.23438 0.995271
3.25 0.995275
3.28125 0.995279
3.375 0.995398
3.39062 0.9954
3.45312 0.995404
3.5 0.995413
3.51562 0.995415
3.5625 0.995422
3.59375 0.995426
3.625 0.99543
3.65625 0.995435
3.71875 0.995441
3.75 0.995448
3.79688 0.99545
3.875 0.995452
3.90625 0.995588
3.9375 0.995875
4 0.995883
4.0625 0.995888
4.07812 0.99589
4.125 0.995892
4.15625 0.995895
4.21875 0.995932
4.25 0.995936
4.26562 0.99594
4.3125 0.995942
4.35938 0.995943
4.375 0.995951
4.46875 0.995954
4.5 0.995962
4.53125 0.995964
4.59375 0.995965
4.64062 0.99608
4.6875 0.996441
4.75 0.996448
4.78125 0.99645
4.8125 0.996455
4.875 0.996459
4.98438 0.996461
5 0.996464
5.03125 0.996466
5.0625 0.996494
5.07812 0.996496
5.15625 0.996498
5.25 0.996503
5.34375 0.996505
5.46875 0.996511
5.48438 0.99654
5.5 0.996547
5.625 0.996555
5.6875 0.99656
5.8125 0.996562
5.89062 0.996566
5.90625 0.996704
6 0.996805
6.09375 0.996807
6.125 0.996813
6.1875 0.996816
6.25 0.996969
6.29688 0.996971
6.375 0.996973
6.46875 0.996975
6.5 0.996976
6.5625 0.997096
6.75 0.997116
6.78125 0.997118
6.90625 0.99712
7 0.997129
7.03125 0.997133
7.125 0.997138
7.25 0.997142
7.3125 0.997146
7.4375 0.997148
7.5 0.997151
7.5625 0.997153
7.59375 0.997155
7.71875 0.997157
7.75 0.997159
7.8125 0.997168
7.875 0.997175
8 0.997183
8.125 0.997184
8.25 0.99719
8.4375 0.997192
8.59375 0.997341
8.625 0.997343
8.9375 0.997347
9 0.997352
9.0625 0.997356
9.1875 0.997496
9.34375 0.997499
9.375 0.997509
9.5 0.99751
9.625 0.997514
9.75 0.997521
9.96875 0.997523
10 0.997525
10.0625 0.997529
10.125 0.997532
10.1562 0.997534
10.5 0.997695
10.6562 0.997696
10.6875 0.997698
10.875 0.9977
10.9375 0.99772
10.9688 0.997722
11 0.997724
11.25 0.997726
11.375 0.997728
11.625 0.997731
11.7812 0.997735
11.8125 0.997737
12 0.997873
12.1875 0.997875
12.375 0.997877
12.5 0.997901
13 0.997903
13.0625 0.997906
13.125 0.997908
13.5 0.997914
13.5625 0.997919
13.75 0.997921
13.8125 0.997925
14 0.997936
14.25 0.997938
14.375 0.997939
14.5 0.997941
15 0.997943
15.4375 0.997945
16 0.997949
16.5 0.99795
16.625 0.997954
16.875 0.997956
17.0625 0.997984
18 0.998085
18.375 0.998229
18.5625 0.99823
18.75 0.998234
19 0.998236
19.375 0.998238
19.5 0.998241
20 0.998247
20.125 0.998249
20.3125 0.998251
21 0.998254
21.25 0.998258
21.75 0.998262
21.875 0.998264
22.5 0.998265
23.25 0.998267
23.375 0.998269
23.625 0.998273
24 0.998363
24.5 0.998365
25 0.998367
25.875 0.998369
26 0.998372
27.5 0.998374
28 0.998381
28.5 0.998383
29.75 0.998385
30 0.998473
31 0.998475
31.5 0.998477
32 0.998634
33.25 0.998636
34 0.998637
36 0.998737
36.25 0.998739
37.5 0.998744
38 0.998748
38.75 0.99875
40 0.998987
40.25 0.998989
41.25 0.998991
42 0.999085
44 0.999239
46 0.999241
46.75 0.999243
47.5 0.999245
48 0.999376
52 0.999378
52.25 0.999379
52.5 0.999383
54 0.999475
55 0.999477
56 0.99949
60 0.999582
60.5 0.999584
65.25 0.999586
66 0.999669
66.5 0.999672
68 0.999676
68.25 0.999678
72 0.999774
78 0.999866
84 0.999969
85.5 0.999971
100.75 0.999974
104 0.999976
119 0.99998
123.5 0.999982
126 0.999985
175 0.999989
234 0.999991
384 0.999994
576 0.999998
864 1
