0 7.74611e-06
0 0.0639364
0 0.0639442
0.0078125 0.0705981
0.015625 0.0915048
0.0234375 0.118206
0.03125 0.145271
0.0390625 0.153141
0.046875 0.196922
0.0546875 0.204474
0.0625 0.231911
0.0703125 0.260285
0.078125 0.281052
0.0859375 0.289829
0.09375 0.341549
0.101562 0.349195
0.109375 0.369451
0.117188 0.392372
0.125 0.415718
0.132812 0.415966
0.140625 0.451753
0.148438 0.451939
0.15625 0.475689
0.164062 0.497517
0.171875 0.510554
0.179688 0.510709
0.1875 0.553483
0.195312 0.554761
0.203125 0.568317
0.210938 0.589541
0.21875 0.610665
0.226562 0.610804
0.234375 0.634879
0.242188 0.635011
0.25 0.643942
0.257812 0.664593
0.265625 0.665012
0.273438 0.666886
0.28125 0.697468
0.296875 0.697785
0.304688 0.719691
0.3125 0.730784
0.328125 0.753798
0.34375 0.762388
0.351562 0.764301
0.359375 0.764611
0.375 0.775363
0.382812 0.776114
0.390625 0.779522
0.398438 0.779778
0.40625 0.788725
0.421875 0.790987
0.429688 0.793101
0.4375 0.804039
0.445312 0.804263
0.453125 0.804496
0.46875 0.80881
0.484375 0.809012
0.492188 0.810468
0.5 0.811537
0.507812 0.812955
0.515625 0.815433
0.53125 0.81603
0.539062 0.816208
0.546875 0.818919
0.5625 0.823156
0.585938 0.824318
0.59375 0.824822
0.601562 0.82651
0.609375 0.828214
0.625 0.831204
0.632812 0.832599
0.65625 0.835953
0.664062 0.836193
0.679688 0.836325
0.6875 0.837789
0.703125 0.839942
0.710938 0.842715
0.71875 0.843048
0.726562 0.843118
0.742188 0.84335
0.75 0.845093
0.765625 0.846116
0.773438 0.848579
0.78125 0.850291
0.796875 0.850763
0.8125 0.852142
0.820312 0.85538
0.84375 0.8582
0.859375 0.859307
0.875 0.860849
0.890625 0.861244
0.898438 0.861399
0.90625 0.861662
0.914062 0.862971
0.929688 0.86325
0.9375 0.865264
0.945312 0.865729
0.96875 0.865984
0.976562 0.866116
0.984375 0.870446
1 0.870865
1.01562 0.873421
1.03125 0.874637
1.03906 0.874807
1.05469 0.875799
1.0625 0.876504
1.07812 0.876783
1.09375 0.877952
1.11719 0.880292
1.125 0.88229
1.13281 0.882414
1.14844 0.884188
1.17188 0.88566
1.1875 0.886171
1.19531 0.886426
1.20312 0.887325
1.21094 0.887449
1.21875 0.889145
1.25 0.890121
1.25781 0.890315
1.26562 0.891097
1.28906 0.891423
1.3125 0.894304
1.32031 0.894994
1.32812 0.895505
1.33594 0.89573
1.35938 0.895908
1.36719 0.89607
1.375 0.89669
1.40625 0.898193
1.42188 0.900129
1.4375 0.900594
1.45312 0.900803
1.46094 0.901036
1.47656 0.901857
1.48438 0.902174
1.5 0.904281
1.52344 0.905389
1.53125 0.905776
1.54688 0.90614
1.5625 0.907349
1.58594 0.907519
1.59375 0.908054
1.61719 0.908278
1.625 0.908898
1.63281 0.909076
1.64062 0.909773
1.6875 0.911563
1.69531 0.911718
1.71875 0.91219
1.72656 0.912415
1.75 0.91312
1.75781 0.913282
1.78125 0.913848
1.79688 0.914158
1.80469 0.914374
1.8125 0.914715
1.82812 0.915079
1.85938 0.915443
1.875 0.916396
1.89062 0.916543
1.89844 0.918255
1.92969 0.918472
1.9375 0.918736
1.95312 0.918983
1.96875 0.920719
1.97656 0.920866
2 0.92116
2.03125 0.921664
2.03906 0.92178
2.0625 0.922306
2.07812 0.922655
2.10938 0.922957
2.125 0.92343
2.13281 0.92408
2.14844 0.924235
2.15625 0.924553
2.17969 0.92463
2.1875 0.925157
2.23438 0.925413
2.25 0.926288
2.26562 0.926458
2.29688 0.926799
2.32031 0.92697
2.33594 0.92714
2.34375 0.928395
2.375 0.928774
2.39062 0.928922
2.40625 0.929371
2.42188 0.929565
2.4375 0.929998
2.49219 0.930099
2.5 0.93061
2.51562 0.930874
2.53125 0.932857
2.53906 0.933019
2.57812 0.93312
2.625 0.934716
2.64062 0.934878
2.65625 0.935219
2.66406 0.935343
2.67188 0.935521
2.71875 0.935715
2.73438 0.93594
2.74219 0.936079
2.75 0.936443
2.8125 0.937907
2.84375 0.938232
2.875 0.938488
2.90625 0.938736
2.92188 0.938914
2.94531 0.939054
2.95312 0.939813
2.96875 0.940068
3 0.940587
3.04688 0.940696
3.0625 0.940858
3.09375 0.941168
3.125 0.942152
3.14844 0.942237
3.17188 0.942423
3.1875 0.942849
3.23438 0.942981
3.25 0.943368
3.26562 0.943531
3.28125 0.943957
3.375 0.945498
3.39062 0.945684
3.4375 0.945986
3.45312 0.94618
3.5 0.946653
3.51562 0.946761
3.5625 0.947094
3.59375 0.94728
3.60938 0.947435
3.625 0.947598
3.65625 0.9479
3.71875 0.948179
3.75 0.948969
3.78125 0.949077
3.79688 0.949201
3.85938 0.949356
3.875 0.949495
3.90625 0.950038
3.9375 0.950711
3.95312 0.950812
4 0.951052
4.0625 0.951424
4.07812 0.951486
4.125 0.951842
4.15625 0.952129
4.21875 0.952888
4.25 0.953229
4.26562 0.953337
4.29688 0.953423
4.3125 0.953678
4.35938 0.953771
4.375 0.954251
4.46875 0.954507
4.5 0.955135
4.53125 0.955258
4.59375 0.955483
4.64062 0.955638
4.67188 0.955746
4.6875 0.956877
4.75 0.957172
4.78125 0.957311
4.8125 0.957582
4.84375 0.957737
4.875 0.95807
4.98438 0.958125
5 0.958558
5.03125 0.95876
5.0625 0.959155
5.07812 0.959294
5.15625 0.959387
5.25 0.960084
5.28125 0.960193
5.3125 0.960441
5.32812 0.960549
5.34375 0.960627
5.4375 0.960758
5.46875 0.960936
5.48438 0.961029
5.5 0.961285
5.625 0.961672
5.6875 0.961982
5.75 0.962067
5.8125 0.962253
5.84375 0.962362
5.89062 0.962447
5.90625 0.963407
5.9375 0.963586
6 0.963981
6.09375 0.964074
6.125 0.964213
6.1875 0.964438
6.25 0.96553
6.29688 0.9656
6.34375 0.965754
6.375 0.965995
6.46875 0.966103
6.5 0.966343
6.53125 0.966467
6.5625 0.96687
6.75 0.967311
6.78125 0.967428
6.875 0.967668
6.90625 0.967799
7 0.968094
7.03125 0.968938
7.125 0.969163
7.1875 0.969318
7.21875 0.969395
7.25 0.969488
7.3125 0.969728
7.4375 0.969922
7.5 0.97034
7.5625 0.970464
7.59375 0.970549
7.71875 0.970665
7.75 0.970766
7.8125 0.971246
7.875 0.972184
7.90625 0.972253
8 0.972563
8.125 0.97278
8.15625 0.97285
8.25 0.973144
8.3125 0.973377
8.4375 0.973547
8.5 0.973764
8.53125 0.97388
8.59375 0.973942
8.625 0.974112
8.71875 0.974167
8.75 0.974461
8.9375 0.974593
9 0.975011
9.0625 0.975096
9.1875 0.975716
9.28125 0.975778
9.34375 0.975863
9.375 0.976088
9.5 0.976235
9.5625 0.976328
9.625 0.976545
9.6875 0.976622
9.75 0.976816
9.96875 0.976886
10 0.977118
10.0625 0.977226
10.125 0.977397
10.1562 0.977459
10.3125 0.977505
10.5 0.977869
10.5625 0.977931
10.625 0.978086
10.6562 0.978148
10.6875 0.978218
10.875 0.978326
10.9375 0.97852
10.9688 0.978582
11 0.978768
11.25 0.979031
11.375 0.979171
11.5 0.979264
11.625 0.979372
11.6875 0.979496
11.7812 0.97955
11.8125 0.980464
11.875 0.980596
12 0.980883
12.1875 0.980929
12.25 0.980991
12.375 0.98113
12.5 0.981316
12.5938 0.981363
12.6875 0.981425
12.75 0.981642
12.9375 0.981711
13 0.981874
13.0625 0.981921
13.125 0.982199
13.5 0.982401
13.5625 0.982525
13.75 0.982656
13.8125 0.982726
14 0.982935
14.0625 0.983005
14.25 0.98316
14.375 0.983253
14.4375 0.983377
14.5 0.983431
14.625 0.98354
14.875 0.983663
15 0.983919
15.125 0.983958
15.1875 0.98402
15.4375 0.984105
15.5 0.984182
15.625 0.984353
15.75 0.984608
15.8125 0.98467
16 0.984732
16.25 0.984864
16.3125 0.984895
16.5 0.985004
16.625 0.985151
16.875 0.98522
17 0.985306
17.0625 0.986824
17.1875 0.986886
17.25 0.98694
17.4375 0.986963
17.5 0.987141
17.875 0.987211
18 0.987374
18.125 0.987405
18.375 0.988722
18.5625 0.988768
18.6875 0.988815
18.75 0.988892
19 0.988985
19.125 0.989055
19.25 0.989163
19.375 0.989202
19.5 0.989326
19.9375 0.989365
20 0.989535
20.125 0.989612
20.25 0.989736
20.3125 0.989767
20.625 0.989798
21 0.989977
21.125 0.99
21.25 0.990093
21.3125 0.990131
21.375 0.990155
21.75 0.990217
21.875 0.990279
21.9375 0.99031
22 0.990403
22.5 0.990565
22.75 0.990627
23 0.990681
23.25 0.990697
23.375 0.99072
23.5625 0.990774
23.625 0.990844
23.75 0.990929
24 0.991045
24.375 0.991069
24.5 0.991138
24.75 0.991193
25 0.991309
25.1875 0.991355
25.375 0.991417
25.5 0.991495
25.875 0.991533
26 0.991619
26.125 0.991657
26.25 0.991743
27 0.991828
27.125 0.991874
27.5 0.991952
27.625 0.991991
28 0.992107
28.125 0.992114
28.5 0.992161
28.75 0.992223
28.875 0.992277
29 0.9923
29.25 0.99237
29.75 0.992432
30 0.992556
30.25 0.992579
30.375 0.992602
30.875 0.992664
31 0.992719
31.25 0.992804
31.5 0.992943
31.625 0.992982
32 0.993757
32.5 0.993834
32.625 0.993873
33 0.993935
33.25 0.993966
33.75 0.994005
34 0.994043
34.125 0.994082
34.375 0.99409
34.5 0.994128
34.875 0.994136
35 0.994229
35.75 0.994299
36 0.994392
36.25 0.994407
36.75 0.994438
37.125 0.994454
37.375 0.9945
37.5 0.994593
38 0.994616
38.25 0.994624
38.5 0.994686
38.75 0.994709
39 0.994756
39.875 0.994802
40 0.994864
40.25 0.994872
40.5 0.994926
41.25 0.994934
42 0.995042
42.25 0.995066
42.5 0.995089
42.625 0.995104
42.75 0.995143
43.5 0.995151
43.75 0.995182
43.875 0.995213
44 0.995732
45 0.995864
45.5 0.99591
46 0.995933
46.5 0.995949
46.75 0.995988
47.125 0.995995
47.25 0.996057
47.5 0.996088
48 0.996135
48.75 0.996158
49 0.996189
49.5 0.996243
50 0.996251
50.375 0.996297
50.75 0.996305
51 0.996328
52 0.996352
52.25 0.996375
52.5 0.996445
54 0.996483
54.25 0.996491
55 0.99653
55.25 0.996561
56 0.997668
56.25 0.997692
57 0.997738
57.5 0.997754
57.75 0.997761
58 0.997785
58.5 0.997816
59.5 0.997854
60 0.997878
60.5 0.997916
60.75 0.99794
61.75 0.997978
62 0.997986
62.5 0.998071
63 0.998133
63.25 0.998149
64 0.998203
65 0.998242
65.25 0.998249
66 0.99828
66.5 0.998311
67.5 0.99835
68 0.998373
68.25 0.998389
69 0.998435
69.75 0.998443
70 0.998459
71.5 0.998497
72 0.99852
73.5 0.998536
74.25 0.998551
75 0.998582
76 0.998598
76.5 0.998613
77 0.998621
78 0.99866
80 0.998699
80.5 0.998706
81.25 0.998714
84 0.998761
85 0.998776
85.25 0.998784
85.5 0.998799
87 0.998815
87.5 0.998838
88 0.998877
90 0.9989
91 0.998916
93 0.998923
94.5 0.998939
95 0.998947
96 0.998962
97.5 0.998978
98 0.999008
99 0.999024
100 0.999047
101.5 0.999078
102 0.999086
103.5 0.999094
104.5 0.999117
105 0.999125
108 0.999163
108.5 0.999179
110 0.999202
110.5 0.999225
112 0.999241
114 0.999256
115 0.999264
117 0.999287
119 0.999295
120 0.999311
121 0.999318
123.5 0.999334
125 0.999349
126 0.999396
128 0.999404
130 0.999411
132 0.999427
135 0.999442
136 0.99945
140 0.999473
143 0.999481
144 0.999489
147 0.999497
150 0.99952
152 0.999527
154 0.999535
155 0.999551
160 0.999566
162 0.999574
162.5 0.999589
170 0.999597
170.5 0.99962
174 0.999628
175.5 0.999636
180 0.999651
182 0.999659
188.5 0.999667
192 0.999675
195 0.999682
196 0.99969
201.5 0.999698
208 0.999706
216 0.999721
220 0.999729
224 0.999737
232 0.999744
238 0.999752
240 0.999768
243 0.999775
247 0.999783
252 0.999799
253 0.999806
264 0.999814
266 0.999822
272 0.99983
280 0.999845
294 0.999853
299 0.999861
300 0.999876
322 0.999884
340 0.999892
348 0.999899
352 0.999907
448 0.999938
468 0.999946
480 0.999954
552 0.999961
616 0.999969
672 0.999977
812 0.999985
1008 1
