0 0.0669415
0.0078125 0.0680802
0.015625 0.0754133
0.0234375 0.0775484
0.03125 0.0924729
0.0390625 0.141369
0.046875 0.149377
0.0546875 0.151559
0.0625 0.165166
0.0703125 0.167322
0.078125 0.222476
0.0859375 0.223662
0.09375 0.239456
0.101562 0.241059
0.109375 0.249441
0.117188 0.298079
0.125 0.310373
0.132812 0.310383
0.140625 0.31643
0.15625 0.37655
0.164062 0.377631
0.171875 0.384062
0.179688 0.384083
0.1875 0.398328
0.195312 0.445964
0.203125 0.452116
0.210938 0.453097
0.21875 0.466988
0.226562 0.466998
0.234375 0.515879
0.25 0.522811
0.257812 0.524635
0.273438 0.572387
0.28125 0.580416
0.304688 0.581407
0.3125 0.635955
0.328125 0.638037
0.34375 0.644869
0.351562 0.693486
0.359375 0.693502
0.375 0.700835
0.382812 0.700888
0.390625 0.749657
0.398438 0.749663
0.40625 0.757243
0.421875 0.75757
0.429688 0.806308
0.4375 0.813847
0.445312 0.813852
0.453125 0.813868
0.46875 0.862759
0.484375 0.862764
0.492188 0.862885
0.5 0.862964
0.507812 0.911882
0.515625 0.912314
0.53125 0.912319
0.546875 0.960377
0.5625 0.96073
0.585938 0.961279
0.59375 0.961289
0.601562 0.961373
0.609375 0.961679
0.625 0.961758
0.632812 0.962291
0.65625 0.962665
0.679688 0.96267
0.6875 0.962755
0.703125 0.963962
0.710938 0.964073
0.71875 0.964083
0.742188 0.964099
0.75 0.964652
0.765625 0.965554
0.773438 0.965659
0.78125 0.965728
0.796875 0.965738
0.8125 0.966324
0.820312 0.967425
0.84375 0.968496
0.859375 0.968575
0.875 0.968712
0.890625 0.968717
0.898438 0.968722
0.90625 0.968738
0.914062 0.969339
0.9375 0.97129
0.945312 0.9714
0.976562 0.971406
0.984375 0.971464
1 0.971501
1.01562 0.972518
1.03125 0.973072
1.03906 0.973082
1.05469 0.97431
1.07812 0.974316
1.09375 0.975302
1.11719 0.975739
1.125 0.975855
1.13281 0.975887
1.14844 0.976967
1.17188 0.9774
1.1875 0.977437
1.19531 0.977442
1.20312 0.977927
1.21875 0.978644
1.25 0.978654
1.26562 0.978876
1.28906 0.978918
1.3125 0.979872
1.32031 0.979883
1.32812 0.979893
1.35938 0.979899
1.375 0.979914
1.40625 0.98021
1.42188 0.980826
1.4375 0.980832
1.45312 0.980837
1.46094 0.980842
1.47656 0.982234
1.48438 0.982239
1.5 0.982271
1.52344 0.982287
1.53125 0.982313
1.54688 0.982334
1.5625 0.982977
1.58594 0.982988
1.59375 0.983009
1.625 0.983035
1.64062 0.983056
1.6875 0.983346
1.69531 0.983352
1.71875 0.983357
1.75 0.983383
1.75781 0.983436
1.78125 0.983447
1.79688 0.983457
1.80469 0.983468
1.8125 0.983499
1.82812 0.983504
1.85938 0.98351
1.875 0.983547
1.89062 0.983552
1.89844 0.984
1.92969 0.984005
1.9375 0.984021
1.95312 0.984037
1.96875 0.98449
2 0.984517
2.03125 0.984548
2.03906 0.984564
2.0625 0.98458
2.07812 0.984585
2.10938 0.985033
2.125 0.985044
2.15625 0.985049
2.1875 0.98507
2.23438 0.985075
2.25 0.985724
2.26562 0.985745
2.32031 0.98575
2.33594 0.985766
2.34375 0.985771
2.375 0.985777
2.40625 0.985798
2.4375 0.985808
2.49219 0.985845
2.5 0.985861
2.51562 0.985866
2.53125 0.985977
2.625 0.986594
2.64062 0.986599
2.65625 0.986615
2.66406 0.98662
2.71875 0.986641
2.73438 0.986652
2.74219 0.987137
2.75 0.987158
2.8125 0.987195
2.84375 0.987205
2.875 0.987211
2.92188 0.987216
2.95312 0.987263
2.96875 0.987269
3 0.987321
3.04688 0.987327
3.0625 0.987337
3.09375 0.987764
3.125 0.988286
3.14844 0.988291
3.17188 0.988307
3.1875 0.988328
3.25 0.988344
3.28125 0.988349
3.375 0.988476
3.39062 0.988486
3.5 0.988523
3.5625 0.988534
3.59375 0.988544
3.60938 0.988555
3.65625 0.989003
3.71875 0.989014
3.75 0.989035
3.78125 0.98904
3.85938 0.989045
3.875 0.98905
3.90625 0.989941
3.9375 0.990621
4 0.990748
4.07812 0.990753
4.125 0.990774
4.21875 0.991697
4.25 0.991713
4.3125 0.991718
4.375 0.991755
4.46875 0.99176
4.5 0.991792
4.53125 0.991808
4.59375 0.991818
4.64062 0.992266
4.67188 0.992272
4.6875 0.992836
4.78125 0.992841
4.84375 0.992851
4.875 0.992873
4.98438 0.992878
5 0.992888
5.03125 0.992894
5.0625 0.993827
5.07812 0.993832
5.15625 0.993837
5.25 0.993874
5.28125 0.993879
5.32812 0.99389
5.34375 0.993906
5.46875 0.993937
5.48438 0.994386
5.5 0.994401
5.625 0.994412
5.6875 0.994422
5.75 0.994428
5.8125 0.994438
5.84375 0.994444
5.89062 0.994449
5.90625 0.994649
5.9375 0.994654
6 0.994665
6.09375 0.99467
6.125 0.994681
6.1875 0.994686
6.25 0.994702
6.34375 0.994712
6.375 0.994728
6.5 0.994744
6.53125 0.994749
6.5625 0.995508
6.75 0.995551
6.78125 0.995556
6.875 0.995566
7 0.99563
7.03125 0.995645
7.25 0.995667
7.3125 0.995693
7.4375 0.995703
7.5 0.99573
7.5625 0.995735
7.75 0.995746
7.8125 0.996025
7.875 0.996072
8 0.996146
8.15625 0.996152
8.25 0.996167
8.4375 0.996173
8.5 0.996178
8.59375 0.996188
8.625 0.996199
8.9375 0.99621
9 0.996231
9.1875 0.996431
9.28125 0.996436
9.375 0.996457
9.5 0.996463
9.625 0.996468
9.75 0.996473
9.96875 0.996478
10 0.9965
10.125 0.996521
10.1562 0.996526
10.5 0.996558
10.5625 0.996563
10.9375 0.996985
10.9688 0.996995
11 0.997
11.375 0.997021
11.8125 0.997037
11.875 0.997043
12 0.997079
12.25 0.99709
12.375 0.997095
12.5 0.997101
13 0.997116
13.125 0.997122
13.5 0.997127
13.75 0.997132
14 0.997137
14.0625 0.997195
14.25 0.997201
14.375 0.997206
14.4375 0.997654
14.625 0.997659
15 0.997665
15.125 0.99767
15.4375 0.997686
15.5 0.997691
15.75 0.997733
16 0.997759
16.625 0.99777
17.0625 0.997791
17.4375 0.997802
17.5 0.997807
18 0.997817
18.375 0.998239
19.375 0.998244
19.5 0.998255
19.9375 0.99826
20 0.998824
20.125 0.99883
20.25 0.998835
21 0.99884
21.25 0.998851
21.875 0.998856
21.9375 0.998861
23 0.998867
23.625 0.998872
23.75 0.998882
24 0.998935
24.5 0.99894
25 0.998946
25.375 0.998951
25.5 0.998961
26 0.998983
27 0.998988
27.125 0.998993
28 0.999009
28.5 0.999019
29 0.999025
29.75 0.99903
30 0.999035
30.25 0.999041
32 0.999056
32.625 0.999067
33 0.999072
33.25 0.999083
34.125 0.999088
35.75 0.999093
36 0.999104
37.375 0.999109
38 0.999114
38.5 0.99912
38.75 0.99913
40 0.999589
40.5 0.999594
42.625 0.999599
42.75 0.999605
43.875 0.999615
44 0.999631
47.25 0.999642
47.5 0.999647
48 0.999657
48.75 0.999663
49.5 0.999678
52 0.999747
52.5 0.999752
56 0.999768
57 0.999779
59.5 0.999784
61.75 0.999789
63 0.999794
66.5 0.999805
67.5 0.99981
70 0.999815
72 0.999821
72.5 0.999826
76.5 0.999831
78 0.999837
85 0.999842
85.25 0.999847
87.5 0.999852
88 0.999858
90 0.999863
91 0.999868
95 0.999873
108.5 0.999879
112 0.999889
112.5 0.99991
123.5 0.999916
125 0.999963
128 0.999974
204 0.999979
288 0.999989
442 0.999995
864 1
