0 0.0688495
0.0078125 0.0732049
0.015625 0.0994342
0.0234375 0.107445
0.03125 0.150357
0.0390625 0.156618
0.046875 0.191597
0.0546875 0.197643
0.0625 0.249694
0.0703125 0.257646
0.078125 0.2921
0.0859375 0.298186
0.09375 0.359141
0.101562 0.364488
0.109375 0.390601
0.117188 0.394684
0.125 0.437363
0.132812 0.437402
0.140625 0.461862
0.148438 0.461881
0.15625 0.502362
0.164062 0.507165
0.171875 0.532169
0.1875 0.579339
0.195312 0.579612
0.203125 0.607785
0.210938 0.613171
0.21875 0.654566
0.226562 0.654586
0.234375 0.660672
0.25 0.680504
0.257812 0.685132
0.273438 0.685754
0.28125 0.710836
0.304688 0.714569
0.3125 0.735412
0.328125 0.741051
0.34375 0.761486
0.351562 0.761875
0.359375 0.761933
0.375 0.784352
0.382812 0.784624
0.390625 0.785052
0.398438 0.785071
0.40625 0.804768
0.421875 0.807723
0.429688 0.809142
0.4375 0.830783
0.445312 0.830802
0.453125 0.830861
0.46875 0.837413
0.492188 0.841282
0.5 0.841516
0.507812 0.843441
0.515625 0.845288
0.53125 0.845385
0.546875 0.849371
0.5625 0.852385
0.585938 0.853357
0.59375 0.853376
0.601562 0.853862
0.609375 0.854699
0.625 0.856915
0.632812 0.857071
0.65625 0.858296
0.664062 0.858315
0.679688 0.858373
0.6875 0.860454
0.703125 0.862515
0.710938 0.862923
0.75 0.864965
0.765625 0.86619
0.773438 0.866462
0.78125 0.869145
0.796875 0.869184
0.8125 0.870428
0.820312 0.870545
0.84375 0.874375
0.859375 0.874628
0.875 0.876592
0.890625 0.876631
0.898438 0.87667
0.90625 0.876767
0.914062 0.876884
0.929688 0.876903
0.9375 0.88085
0.945312 0.880928
0.96875 0.880947
0.976562 0.880967
0.984375 0.885672
1 0.88573
1.01562 0.891855
1.03125 0.892244
1.03906 0.892283
1.05469 0.897708
1.0625 0.897746
1.09375 0.899069
1.11719 0.905388
1.125 0.910015
1.13281 0.910074
1.14844 0.910132
1.17188 0.911785
1.1875 0.911824
1.20312 0.913632
1.21875 0.915421
1.25 0.915557
1.26562 0.918279
1.3125 0.920107
1.32031 0.923315
1.32812 0.923354
1.33594 0.923373
1.35938 0.92347
1.36719 0.92349
1.375 0.923548
1.40625 0.923684
1.42188 0.92629
1.4375 0.926348
1.45312 0.926406
1.48438 0.926426
1.5 0.92662
1.52344 0.930101
1.53125 0.93012
1.5625 0.930237
1.58594 0.930256
1.61719 0.930295
1.625 0.930353
1.64062 0.932998
1.6875 0.93815
1.72656 0.93817
1.75 0.938228
1.75781 0.938267
1.79688 0.938286
1.80469 0.938306
1.8125 0.938442
1.82812 0.938481
1.85938 0.93852
1.875 0.938675
1.89062 0.938714
1.89844 0.938811
1.92969 0.93887
1.9375 0.938908
1.95312 0.938947
1.96875 0.940639
1.97656 0.940678
2 0.940872
2.03125 0.940969
2.03906 0.941047
2.0625 0.941164
2.07812 0.941183
2.10938 0.944625
2.125 0.944664
2.13281 0.946316
2.14844 0.946375
2.15625 0.946433
2.17969 0.946453
2.1875 0.946589
2.23438 0.946628
2.25 0.9469
2.26562 0.946978
2.29688 0.948669
2.32031 0.951372
2.34375 0.954113
2.375 0.954152
2.40625 0.95421
2.42188 0.954288
2.4375 0.954405
2.49219 0.954444
2.5 0.95458
2.51562 0.954619
2.53125 0.957866
2.53906 0.957905
2.625 0.959596
2.64062 0.959616
2.65625 0.959655
2.66406 0.959694
2.71875 0.959791
2.73438 0.959985
2.74219 0.960044
2.75 0.960102
2.8125 0.960141
2.84375 0.96018
2.875 0.960199
2.90625 0.960257
2.95312 0.960277
2.96875 0.960335
3 0.960491
3.04688 0.96051
3.0625 0.96053
3.09375 0.961482
3.125 0.964749
3.14844 0.964768
3.17188 0.964827
3.1875 0.964846
3.23438 0.964904
3.25 0.964943
3.26562 0.964963
3.28125 0.965041
3.375 0.965507
3.5 0.965585
3.5625 0.965604
3.59375 0.965624
3.75 0.965721
3.85938 0.965741
3.90625 0.966713
3.9375 0.966752
4.0625 0.966849
4.125 0.966888
4.15625 0.966907
4.21875 0.967938
4.25 0.968015
4.26562 0.968035
4.29688 0.968074
4.3125 0.968113
4.375 0.96819
4.5 0.968326
4.59375 0.968346
4.64062 0.969299
4.6875 0.971107
4.75 0.971185
4.875 0.971243
5 0.97134
5.0625 0.973187
5.15625 0.973207
5.25 0.973265
5.28125 0.973304
5.4375 0.973323
5.46875 0.973401
5.48438 0.973421
5.5 0.97344
5.625 0.973576
5.6875 0.973596
5.75 0.973615
5.8125 0.973635
5.84375 0.973654
5.90625 0.975404
5.9375 0.975462
6 0.975598
6.09375 0.975637
6.125 0.975676
6.1875 0.975832
6.25 0.97589
6.34375 0.975909
6.375 0.976007
6.46875 0.976026
6.5 0.976065
6.53125 0.976084
6.5625 0.976201
6.75 0.976415
6.78125 0.976454
6.875 0.976473
6.90625 0.976493
7 0.976629
7.03125 0.976707
7.125 0.976746
7.21875 0.976765
7.25 0.976784
7.3125 0.976823
7.4375 0.976843
7.5 0.976998
7.5625 0.977018
7.71875 0.977037
7.75 0.977057
7.8125 0.977251
7.875 0.980498
7.90625 0.980518
8 0.980595
8.125 0.980634
8.15625 0.980673
8.25 0.980712
8.4375 0.98077
8.59375 0.980848
8.625 0.980906
8.75 0.980945
8.9375 0.980984
9 0.981023
9.0625 0.981043
9.1875 0.982073
9.34375 0.982112
9.375 0.98392
9.5 0.983979
9.625 0.984017
9.6875 0.984076
9.75 0.984095
9.96875 0.984115
10.0625 0.984134
10.125 0.984192
10.1562 0.98427
10.3125 0.98429
10.5 0.984406
10.6875 0.984426
10.875 0.984484
10.9375 0.986059
11 0.986078
11.375 0.986117
11.5 0.986137
11.8125 0.986234
11.875 0.986253
12 0.988237
12.5 0.988334
12.6875 0.988353
13 0.988431
13.125 0.993525
13.5 0.993545
13.75 0.993564
14 0.9937
14.0625 0.993759
14.25 0.993836
14.4375 0.994847
15.125 0.994867
15.625 0.994886
15.75 0.994906
16 0.996656
16.3125 0.996675
16.625 0.996695
16.875 0.996714
17.5 0.996733
17.875 0.996792
18 0.996811
18.375 0.996831
18.75 0.996889
19.25 0.996928
19.375 0.996967
19.5 0.996986
19.9375 0.997006
20 0.997122
21 0.997142
22 0.9972
22.5 0.99722
22.75 0.997258
23.5625 0.997278
23.625 0.997297
23.75 0.997317
24 0.997414
25 0.997472
25.5 0.997492
27 0.997511
27.625 0.997531
28 0.99755
29.75 0.99757
30 0.997589
31 0.997608
31.5 0.997628
32 0.997725
33 0.997745
34.875 0.997783
36 0.997822
36.25 0.997842
37.5 0.997881
38.5 0.99792
40.5 0.997939
42 0.997958
42.625 0.997978
43.5 0.997997
43.75 0.998017
44 0.998795
45.5 0.998814
47.5 0.998853
48 0.998931
49 0.99895
50 0.999086
52 0.999183
55 0.999203
55.25 0.999222
56 0.999242
57 0.999281
60 0.9993
61.75 0.999319
63 0.999339
63.25 0.999358
65 0.999378
68 0.999397
72 0.999417
75 0.999436
76 0.999456
77 0.999475
80 0.999494
84 0.999514
85 0.999533
90 0.999553
93.5 0.999572
94.5 0.999592
98 0.999611
100 0.999631
100.75 0.99965
104 0.999669
108.5 0.999708
162.5 0.999844
175 0.999864
204 0.999883
238 0.999903
288 0.999922
408 0.999942
600 0.999961
720 1
