0 0.0677539
0.0078125 0.0720976
0.015625 0.10229
0.0234375 0.112509
0.03125 0.162869
0.0390625 0.167387
0.046875 0.20204
0.0546875 0.206733
0.0625 0.258314
0.0703125 0.266226
0.078125 0.296554
0.0859375 0.300975
0.09375 0.359072
0.101562 0.366286
0.109375 0.396382
0.117188 0.401423
0.125 0.444317
0.140625 0.471911
0.148438 0.47195
0.15625 0.516997
0.164062 0.520759
0.171875 0.542884
0.179688 0.542923
0.1875 0.590704
0.195312 0.591072
0.203125 0.619578
0.210938 0.623456
0.21875 0.665342
0.226562 0.665516
0.234375 0.673234
0.25 0.692024
0.257812 0.699568
0.273438 0.701584
0.28125 0.727394
0.296875 0.727472
0.304688 0.732475
0.3125 0.753204
0.328125 0.759177
0.34375 0.77787
0.351562 0.778219
0.375 0.797611
0.382812 0.797727
0.390625 0.79829
0.40625 0.819562
0.421875 0.823324
0.429688 0.823867
0.4375 0.842754
0.445312 0.842813
0.453125 0.842851
0.46875 0.848165
0.484375 0.848184
0.492188 0.849464
0.5 0.849735
0.507812 0.852663
0.515625 0.855475
0.53125 0.855572
0.539062 0.855592
0.546875 0.857492
0.5625 0.858772
0.585938 0.860052
0.601562 0.860478
0.609375 0.866141
0.625 0.869301
0.632812 0.87159
0.65625 0.876806
0.664062 0.876825
0.6875 0.879967
0.703125 0.880432
0.710938 0.880704
0.71875 0.880723
0.726562 0.880742
0.742188 0.880762
0.75 0.88113
0.765625 0.881363
0.773438 0.881576
0.78125 0.883923
0.8125 0.884194
0.820312 0.88592
0.84375 0.886424
0.859375 0.887898
0.875 0.888208
0.90625 0.888227
0.914062 0.891252
0.9375 0.892552
0.945312 0.894316
0.984375 0.89548
1 0.895577
1.01562 0.895713
1.03125 0.896256
1.03906 0.896275
1.05469 0.896391
1.0625 0.89643
1.07812 0.896469
1.09375 0.901549
1.11719 0.901957
1.125 0.905486
1.13281 0.905525
1.17188 0.91078
1.1875 0.910819
1.19531 0.910838
1.20312 0.912544
1.21875 0.914367
1.25 0.914619
1.25781 0.914658
1.26562 0.91586
1.28906 0.919525
1.3125 0.921852
1.32031 0.923055
1.32812 0.923132
1.33594 0.923152
1.35938 0.92319
1.375 0.923248
1.40625 0.925924
1.42188 0.927709
1.4375 0.927786
1.45312 0.927805
1.47656 0.934224
1.5 0.934379
1.52344 0.937753
1.53125 0.939033
1.54688 0.939053
1.5625 0.93913
1.58594 0.939266
1.59375 0.939324
1.61719 0.939343
1.625 0.939363
1.64062 0.942078
1.6875 0.944114
1.71875 0.944172
1.72656 0.944211
1.75 0.944288
1.78125 0.944346
1.79688 0.944385
1.80469 0.945684
1.8125 0.945704
1.82812 0.945743
1.85938 0.945801
1.875 0.945956
1.89844 0.947022
1.9375 0.947081
1.95312 0.947139
1.96875 0.948419
2 0.948535
2.03125 0.948613
2.03906 0.948632
2.0625 0.948709
2.10938 0.950377
2.125 0.950397
2.13281 0.950435
2.14844 0.950474
2.1875 0.950532
2.23438 0.950552
2.25 0.952665
2.26562 0.952704
2.29688 0.952724
2.32031 0.952782
2.33594 0.952801
2.34375 0.953014
2.375 0.953053
2.39062 0.953073
2.40625 0.953111
2.42188 0.95315
2.4375 0.954721
2.49219 0.95476
2.5 0.954779
2.51562 0.954818
2.53125 0.955147
2.53906 0.955167
2.625 0.958056
2.64062 0.958076
2.66406 0.958095
2.67188 0.958153
2.71875 0.958211
2.73438 0.958231
2.74219 0.958308
2.8125 0.958657
2.84375 0.958677
2.875 0.958735
2.90625 0.958754
2.94531 0.958774
2.95312 0.960092
2.96875 0.960112
3 0.960286
3.04688 0.960325
3.0625 0.960344
3.09375 0.960364
3.125 0.963408
3.17188 0.963466
3.1875 0.963525
3.25 0.96366
3.26562 0.96368
3.28125 0.963738
3.375 0.963815
3.39062 0.963835
3.4375 0.963874
3.5 0.963951
3.5625 0.963971
3.59375 0.96399
3.625 0.964009
3.65625 0.964048
3.71875 0.964087
3.75 0.964261
3.78125 0.9643
3.79688 0.96432
3.875 0.964378
3.90625 0.966239
3.9375 0.96653
3.95312 0.96655
4 0.968217
4.0625 0.968237
4.07812 0.968256
4.125 0.968295
4.15625 0.968353
4.21875 0.968372
4.26562 0.968392
4.29688 0.968411
4.375 0.968489
4.46875 0.968508
4.5 0.968644
4.53125 0.968702
4.59375 0.968722
4.64062 0.970428
4.6875 0.970447
4.75 0.970486
4.78125 0.970506
4.84375 0.970544
4.875 0.970602
4.98438 0.970622
5 0.97068
5.0625 0.971979
5.25 0.97324
5.3125 0.973279
5.4375 0.973298
5.46875 0.973375
5.48438 0.975237
5.5 0.975315
5.625 0.975373
5.6875 0.975412
5.75 0.975431
5.8125 0.97547
5.84375 0.975489
5.90625 0.976614
5.9375 0.976633
6 0.97673
6.125 0.97675
6.1875 0.976808
6.25 0.978747
6.34375 0.978766
6.375 0.978786
6.46875 0.978824
6.5 0.978863
6.53125 0.978883
6.5625 0.978902
6.75 0.97898
6.78125 0.978999
6.875 0.979038
6.90625 0.979077
7 0.979174
7.03125 0.979464
7.1875 0.979484
7.21875 0.979503
7.25 0.979523
7.3125 0.979561
7.4375 0.979581
7.5 0.979639
7.59375 0.979678
7.75 0.979716
7.8125 0.98216
7.875 0.982218
7.90625 0.982257
8 0.982315
8.15625 0.982334
8.25 0.982373
8.4375 0.982393
8.5 0.982412
8.53125 0.982431
8.59375 0.982451
8.625 0.982489
8.71875 0.982509
8.75 0.982528
8.9375 0.982548
9 0.982645
9.1875 0.984312
9.28125 0.984351
9.5 0.98437
9.625 0.984409
9.75 0.984429
9.96875 0.984448
10 0.984506
10.125 0.984526
10.1562 0.984623
10.5 0.984681
10.6562 0.9847
10.875 0.98472
10.9375 0.984797
10.9688 0.984836
11.375 0.984875
11.6875 0.984894
11.7812 0.984913
11.8125 0.984933
11.875 0.984952
12 0.987027
12.5938 0.987046
12.6875 0.987066
13 0.987085
13.0625 0.987105
13.125 0.987745
13.5 0.987783
14 0.987822
14.0625 0.98788
14.25 0.987919
14.375 0.987958
14.4375 0.98916
15 0.989199
15.5 0.989218
15.625 0.989432
15.75 0.992922
16 0.993465
16.3125 0.993484
16.5 0.993523
17 0.993543
17.0625 0.995424
17.5 0.995443
17.875 0.995482
18.375 0.99554
18.75 0.995559
19.25 0.995579
19.375 0.995618
19.5 0.995637
20 0.996645
21.125 0.996665
21.9375 0.996684
22 0.996742
22.5 0.996762
23.5625 0.996781
23.75 0.99682
24 0.996859
25 0.996878
26.25 0.996897
28 0.996975
28.5 0.997014
28.75 0.997033
28.875 0.997052
29 0.997111
29.25 0.99713
31.25 0.997149
31.5 0.997188
32 0.997266
33 0.997285
33.25 0.997305
36 0.997363
36.25 0.997382
36.75 0.997402
38 0.997421
38.75 0.99744
40 0.997498
40.5 0.997518
42 0.997537
42.5 0.997557
42.75 0.997595
44 0.997634
45.5 0.997654
46.75 0.997673
47.25 0.997712
48 0.997789
49.5 0.997809
50 0.997828
51 0.997867
52 0.997906
52.25 0.997945
54 0.997964
55 0.997983
56 0.999186
57.5 0.999205
62.5 0.999263
66 0.999283
66.5 0.999321
68.25 0.999341
69 0.99936
70 0.999379
71.5 0.999399
77.5 0.999418
78 0.999457
87.5 0.999651
87.75 0.99967
96 0.99969
97.5 0.999709
105 0.999729
108 0.999748
117 0.999767
123.5 0.999787
144 0.999845
160 0.999864
384 0.999942
448 0.999961
476 0.999981
864 1
