0 0.0654334
0.0078125 0.0695381
0.015625 0.0911387
0.0234375 0.0990695
0.03125 0.146115
0.0390625 0.151855
0.046875 0.178396
0.0546875 0.182705
0.0625 0.232592
0.0703125 0.240727
0.078125 0.273546
0.0859375 0.278097
0.09375 0.333593
0.101562 0.34223
0.109375 0.367749
0.117188 0.373693
0.125 0.41773
0.132812 0.417749
0.140625 0.446203
0.148438 0.44624
0.15625 0.491688
0.164062 0.49531
0.171875 0.519623
0.1875 0.572593
0.195312 0.574432
0.203125 0.590962
0.210938 0.595847
0.21875 0.643896
0.226562 0.643933
0.234375 0.648781
0.25 0.672759
0.257812 0.677885
0.265625 0.677922
0.273438 0.680207
0.28125 0.706785
0.296875 0.706803
0.304688 0.711558
0.3125 0.736911
0.328125 0.745733
0.34375 0.768281
0.351562 0.770101
0.375 0.795546
0.382812 0.795918
0.390625 0.796382
0.398438 0.796401
0.40625 0.822496
0.421875 0.824
0.429688 0.824427
0.4375 0.848536
0.445312 0.848554
0.453125 0.848591
0.46875 0.853736
0.484375 0.853773
0.492188 0.85433
0.5 0.85459
0.507812 0.856169
0.515625 0.858509
0.53125 0.858528
0.546875 0.859457
0.5625 0.861035
0.585938 0.862113
0.59375 0.862187
0.601562 0.863301
0.609375 0.86501
0.625 0.865381
0.632812 0.865493
0.65625 0.86696
0.679688 0.86709
0.6875 0.867592
0.703125 0.870619
0.710938 0.873684
0.71875 0.873758
0.742188 0.873795
0.75 0.874185
0.765625 0.875931
0.773438 0.877677
0.78125 0.881317
0.796875 0.881373
0.8125 0.88258
0.820312 0.88479
0.84375 0.887744
0.859375 0.89079
0.875 0.890994
0.890625 0.89105
0.898438 0.891087
0.90625 0.891235
0.914062 0.892925
0.9375 0.898962
0.945312 0.899055
0.96875 0.899092
0.976562 0.89911
0.984375 0.89937
1 0.899575
1.01562 0.901599
1.03125 0.902806
1.05469 0.903754
1.0625 0.903791
1.07812 0.903809
1.09375 0.905667
1.11719 0.905945
1.125 0.907988
1.13281 0.908081
1.14844 0.908137
1.17188 0.908211
1.1875 0.90823
1.20312 0.909939
1.21875 0.911684
1.25 0.911889
1.25781 0.911944
1.26562 0.912929
1.28906 0.915585
1.3125 0.916291
1.32031 0.916309
1.32812 0.916346
1.33594 0.916383
1.35938 0.916495
1.375 0.916588
1.40625 0.919801
1.42188 0.921398
1.4375 0.921435
1.5 0.921974
1.52344 0.925819
1.53125 0.92775
1.54688 0.927806
1.5625 0.927917
1.58594 0.92801
1.59375 0.928066
1.625 0.92814
1.63281 0.928159
1.64062 0.930629
1.6875 0.931781
1.71875 0.931855
1.75 0.931948
1.78125 0.931966
1.79688 0.932022
1.80469 0.933768
1.8125 0.933861
1.85938 0.933898
1.875 0.935551
1.89062 0.93557
1.89844 0.935607
1.9375 0.935625
1.96875 0.938318
1.97656 0.938337
2 0.938448
2.03125 0.938486
2.03906 0.938616
2.0625 0.939971
2.10938 0.941884
2.125 0.941903
2.13281 0.9435
2.14844 0.943519
2.15625 0.943593
2.1875 0.94363
2.23438 0.943667
2.25 0.944318
2.26562 0.944373
2.29688 0.944392
2.32031 0.948589
2.34375 0.950168
2.375 0.950242
2.40625 0.950261
2.42188 0.95028
2.4375 0.952211
2.49219 0.952341
2.5 0.952397
2.53125 0.953716
2.57812 0.953734
2.625 0.953771
2.64062 0.953808
2.65625 0.953827
2.71875 0.953994
2.73438 0.954031
2.74219 0.954328
2.75 0.95444
2.8125 0.956
2.84375 0.956074
2.90625 0.956093
2.92188 0.956112
2.94531 0.95613
2.95312 0.956167
3 0.956279
3.04688 0.956297
3.09375 0.956353
3.125 0.956446
3.14844 0.956464
3.17188 0.956576
3.1875 0.956613
3.23438 0.956632
3.25 0.956706
3.28125 0.956799
3.375 0.959399
3.39062 0.959436
3.4375 0.959473
3.5 0.959566
3.51562 0.959585
3.5625 0.959603
3.59375 0.959622
3.625 0.959678
3.65625 0.959696
3.71875 0.959752
3.75 0.959845
3.78125 0.959863
3.79688 0.961609
3.85938 0.961628
3.875 0.961665
3.90625 0.962984
3.9375 0.967645
3.95312 0.967664
4 0.967794
4.07812 0.967813
4.125 0.967924
4.21875 0.969484
4.25 0.969559
4.375 0.969614
4.46875 0.96967
4.5 0.969819
4.53125 0.969837
4.59375 0.969874
4.64062 0.971639
4.6875 0.971713
4.75 0.971769
4.875 0.971824
4.98438 0.97188
5 0.971954
5.03125 0.971992
5.0625 0.973385
5.07812 0.973422
5.15625 0.97344
5.25 0.974833
5.3125 0.974852
5.4375 0.97487
5.46875 0.974889
5.48438 0.974908
5.5 0.974945
5.625 0.975
5.6875 0.975056
5.75 0.975075
5.84375 0.975093
5.90625 0.976338
6 0.976561
6.125 0.976579
6.25 0.976598
6.29688 0.976635
6.34375 0.976672
6.375 0.976728
6.5 0.976746
6.53125 0.976765
6.5625 0.977675
6.75 0.977805
6.78125 0.977842
6.875 0.977879
6.90625 0.977898
7 0.977935
7.03125 0.980015
7.125 0.980034
7.21875 0.980071
7.25 0.98009
7.3125 0.980127
7.4375 0.980145
7.5 0.980238
7.5625 0.980275
7.59375 0.980294
7.71875 0.980331
7.75 0.98035
7.8125 0.98048
7.875 0.982318
7.90625 0.982355
8 0.98243
8.25 0.982448
8.3125 0.982467
8.4375 0.982485
8.53125 0.982504
8.59375 0.983767
8.625 0.983804
8.75 0.983841
8.9375 0.983897
9 0.984046
9.28125 0.984064
9.375 0.98412
9.5 0.984194
9.5625 0.984213
9.625 0.984268
9.75 0.984361
10 0.984529
10.125 0.984566
10.1562 0.987315
10.5 0.98737
10.875 0.987426
10.9375 0.987723
10.9688 0.987742
11 0.987983
11.25 0.988002
11.375 0.98802
11.8125 0.988355
12 0.988503
12.25 0.988522
12.5 0.988763
12.5938 0.988782
12.6875 0.9888
13 0.988838
13.125 0.988893
14 0.988949
14.0625 0.988986
14.25 0.989042
14.5 0.989079
14.625 0.989098
15.5 0.989153
15.625 0.989172
15.75 0.989488
15.8125 0.989506
16 0.989636
16.5 0.989655
16.875 0.989692
17.0625 0.992348
17.1875 0.992385
17.25 0.992404
17.5 0.992478
18 0.992534
18.375 0.992552
18.75 0.992571
19.125 0.992589
19.5 0.992608
20 0.992682
20.3125 0.992719
21 0.992775
22 0.992979
22.5 0.993016
22.75 0.993035
23.625 0.993054
23.75 0.993109
24 0.993276
25.5 0.993295
26.25 0.993332
27 0.993351
27.5 0.993369
28 0.995022
28.125 0.995041
28.5 0.995078
28.75 0.995097
29.75 0.995115
31 0.995134
31.5 0.995171
32 0.995227
33.25 0.995264
33.75 0.995282
35.75 0.995301
36 0.995431
38.25 0.99545
38.5 0.995468
39.875 0.995487
40 0.995561
40.25 0.99558
44 0.995747
47.125 0.995765
48 0.99584
50 0.995858
51 0.995877
52 0.995914
54 0.995932
55 0.99597
55.25 0.995988
56 0.998848
57 0.998867
60 0.998904
61.75 0.998941
65 0.99896
65.25 0.998978
66 0.999016
66.5 0.999034
69.75 0.99909
70 0.999108
71.5 0.999146
72 0.999183
80 0.999201
87 0.99922
87.5 0.999424
88 0.999461
90 0.99948
93.5 0.999499
96 0.999554
100 0.999591
104 0.99961
105 0.999629
119 0.999647
128 0.999666
133 0.999684
154 0.999703
192 0.999759
320 0.999777
384 0.999814
442 0.999833
448 0.99987
504 0.999907
512 0.999926
704 0.999963
896 1
