0 0.333872
0.0078125 0.427097
0.015625 0.563478
0.0234375 0.571889
0.03125 0.653948
0.0390625 0.655074
0.046875 0.665108
0.0546875 0.665486
0.0625 0.722079
0.0703125 0.825861
0.078125 0.82863
0.0859375 0.829948
0.09375 0.831571
0.101562 0.834756
0.109375 0.836889
0.117188 0.840021
0.125 0.858751
0.132812 0.858778
0.140625 0.962527
0.148438 0.962547
0.15625 0.964454
0.164062 0.966382
0.171875 0.967984
0.179688 0.968011
0.1875 0.969428
0.195312 0.969435
0.203125 0.97221
0.210938 0.973872
0.21875 0.975164
0.226562 0.975243
0.234375 0.977932
0.242188 0.977952
0.25 0.978018
0.265625 0.978071
0.28125 0.978813
0.296875 0.978853
0.3125 0.978919
0.328125 0.980608
0.34375 0.980667
0.359375 0.980727
0.375 0.982343
0.390625 0.982449
0.40625 0.982509
0.421875 0.984979
0.4375 0.985019
0.453125 0.985098
0.46875 0.985125
0.484375 0.985151
0.5 0.985217
0.53125 0.985264
0.5625 0.986065
0.59375 0.986092
0.625 0.986125
0.65625 0.986165
0.6875 0.986218
0.71875 0.986237
0.75 0.986271
0.78125 0.988138
0.8125 0.988191
0.84375 0.989297
0.875 0.98933
0.90625 0.98937
0.9375 0.989403
0.96875 0.98943
1 0.989562
1.0625 0.989595
1.125 0.989728
1.1875 0.989767
1.25 0.98982
1.3125 0.991622
1.375 0.991648
1.4375 0.991688
1.5 0.991748
1.5625 0.992986
1.625 0.993019
1.6875 0.993079
1.75 0.993132
1.8125 0.993158
1.875 0.993178
1.9375 0.993198
2 0.993304
2.25 0.993324
2.375 0.993344
2.5 0.993351
2.625 0.994781
2.75 0.994788
2.875 0.994794
3 0.994801
3.125 0.994834
3.25 0.994847
3.375 0.994854
3.5 0.994874
3.625 0.9949
3.75 0.994914
3.875 0.99492
4 0.995417
4.25 0.995437
4.75 0.99547
5.25 0.995483
5.5 0.995503
5.75 0.995523
6 0.997271
6.5 0.997278
6.75 0.997298
7 0.997304
7.25 0.997311
7.5 0.997324
7.75 0.997338
8 0.998093
8.5 0.998099
9 0.998119
9.5 0.998146
10 0.998165
11 0.998179
12 0.999801
12.5 0.999854
15.5 0.999874
16 0.999894
17 0.999901
18 0.999914
19 0.999921
25 0.99996
28 0.999967
34 0.999974
72 0.999987
128 1
