0 0.334015
0.0078125 0.3477
0.015625 0.413406
0.0234375 0.42389
0.03125 0.589828
0.0390625 0.590864
0.046875 0.603547
0.0546875 0.604158
0.0625 0.718049
0.0703125 0.718354
0.078125 0.721767
0.0859375 0.723575
0.09375 0.725867
0.101562 0.729441
0.109375 0.73209
0.117188 0.735528
0.125 0.735885
0.132812 0.735944
0.140625 0.736173
0.148438 0.736207
0.15625 0.738992
0.164062 0.740613
0.171875 0.742897
0.179688 0.742965
0.1875 0.852798
0.195312 0.85284
0.203125 0.856151
0.210938 0.858681
0.21875 0.860463
0.226562 0.86065
0.234375 0.864054
0.242188 0.86408
0.25 0.864156
0.265625 0.864224
0.28125 0.865022
0.296875 0.865081
0.3125 0.865158
0.328125 0.867323
0.34375 0.867382
0.359375 0.867433
0.375 0.978038
0.390625 0.978123
0.40625 0.978217
0.421875 0.982054
0.4375 0.982164
0.453125 0.9823
0.46875 0.982368
0.484375 0.982461
0.5 0.982623
0.53125 0.982708
0.5625 0.984202
0.59375 0.984236
0.625 0.984371
0.65625 0.984465
0.6875 0.984516
0.71875 0.984567
0.75 0.984669
0.78125 0.986197
0.8125 0.98629
0.84375 0.987793
0.875 0.987886
0.90625 0.987937
0.9375 0.988013
0.96875 0.98803
1 0.988158
1.0625 0.988268
1.125 0.988336
1.1875 0.988438
1.25 0.988489
1.3125 0.990093
1.375 0.990178
1.4375 0.990246
1.5 0.990297
1.5625 0.992665
1.625 0.99275
1.6875 0.992835
1.75 0.992903
1.8125 0.992979
1.875 0.993022
1.9375 0.993107
2 0.99337
2.125 0.993429
2.25 0.993463
2.375 0.993489
2.5 0.993523
2.625 0.99573
2.75 0.995747
2.875 0.995764
3 0.995832
3.125 0.9959
3.25 0.995942
3.375 0.995959
3.5 0.995985
3.625 0.996044
3.75 0.996086
3.875 0.996137
4 0.997224
4.25 0.997292
4.5 0.997368
4.75 0.997411
5 0.997436
5.25 0.99747
5.5 0.997521
5.75 0.997547
6 0.997581
6.25 0.997615
6.5 0.997665
6.75 0.997716
7 0.99775
7.25 0.997767
7.5 0.99781
7.75 0.997844
8 0.998778
8.5 0.998837
9 0.998862
9.5 0.99893
10 0.998956
10.5 0.998981
11 0.999024
11.5 0.999058
12 0.999083
12.5 0.999143
13 0.999168
13.5 0.999185
14 0.999219
14.5 0.999236
15 0.99927
15.5 0.999295
16 0.999321
17 0.999355
18 0.99938
19 0.999431
20 0.999482
21 0.999516
22 0.999542
24 0.999559
25 0.999567
26 0.999576
27 0.999584
28 0.999609
30 0.999618
32 0.999626
34 0.999694
36 0.999711
38 0.999728
40 0.999737
42 0.999754
44 0.999762
46 0.999779
48 0.999788
50 0.999813
52 0.99983
64 0.999856
68 0.999949
80 0.999958
128 1
