0 0.332877
0.0078125 0.343447
0.015625 0.394855
0.0234375 0.402093
0.03125 0.477622
0.0390625 0.691643
0.046875 0.700611
0.0546875 0.701056
0.0625 0.736905
0.0703125 0.737151
0.078125 0.953242
0.0859375 0.954838
0.09375 0.956554
0.101562 0.959468
0.109375 0.96151
0.117188 0.964304
0.125 0.964644
0.132812 0.96467
0.140625 0.96491
0.148438 0.964936
0.15625 0.966952
0.164062 0.967976
0.171875 0.969473
0.179688 0.969493
0.1875 0.971489
0.195312 0.971562
0.203125 0.975254
0.210938 0.976584
0.21875 0.978034
0.226562 0.978147
0.234375 0.98142
0.242188 0.981427
0.25 0.98146
0.265625 0.981514
0.28125 0.982312
0.296875 0.982332
0.3125 0.982385
0.328125 0.983835
0.34375 0.983875
0.359375 0.983922
0.375 0.984846
0.390625 0.984926
0.40625 0.984979
0.421875 0.988232
0.4375 0.988292
0.453125 0.988385
0.46875 0.988419
0.484375 0.988458
0.5 0.988572
0.53125 0.988605
0.5625 0.989223
0.59375 0.98927
0.625 0.989303
0.65625 0.989337
0.6875 0.989403
0.71875 0.98943
0.75 0.989463
0.78125 0.991645
0.8125 0.991685
0.84375 0.993567
0.875 0.993621
0.90625 0.993647
0.9375 0.99368
0.96875 0.99372
1 0.993867
1.0625 0.993907
1.125 0.994026
1.1875 0.994073
1.25 0.994106
1.3125 0.995417
1.375 0.99545
1.4375 0.995483
1.5 0.995523
1.5625 0.996042
1.625 0.996082
1.6875 0.996135
1.75 0.996155
1.8125 0.996195
1.875 0.996228
1.9375 0.996235
2 0.996315
2.125 0.996341
2.25 0.996348
2.375 0.996368
2.5 0.996375
2.625 0.997858
2.75 0.997885
3 0.997925
3.125 0.998024
3.5 0.998044
3.625 0.998064
3.75 0.998071
3.875 0.998111
4 0.998882
4.25 0.998896
4.5 0.998916
4.75 0.998962
5 0.998976
5.25 0.998982
5.5 0.999002
5.75 0.999015
6.25 0.999022
6.5 0.999035
6.75 0.999049
7 0.999055
7.25 0.999062
7.75 0.999075
8 0.999747
8.5 0.999754
9 0.999761
9.5 0.9998
10 0.999807
10.5 0.999814
11 0.999827
12 0.999834
12.5 0.999854
15 0.999867
15.5 0.999874
16 0.999887
17 0.9999
25 0.99996
28 0.999967
34 0.999973
64 0.99998
72 0.999987
128 0.999993
144 1
