0 0.059821
0.0078125 0.0642965
0.015625 0.0961264
0.0234375 0.105212
0.03125 0.140225
0.0390625 0.146726
0.046875 0.178113
0.0546875 0.1828
0.0625 0.218816
0.0703125 0.22661
0.078125 0.254022
0.0859375 0.25925
0.09375 0.303542
0.101562 0.309715
0.109375 0.339616
0.117188 0.348065
0.125 0.392164
0.132812 0.392183
0.140625 0.423724
0.148438 0.423743
0.15625 0.463733
0.164062 0.468035
0.171875 0.494116
0.179688 0.494193
0.1875 0.530788
0.195312 0.53102
0.203125 0.557236
0.210938 0.561982
0.21875 0.595065
0.226562 0.595181
0.234375 0.601894
0.25 0.62161
0.257812 0.625198
0.265625 0.625256
0.273438 0.625757
0.28125 0.639704
0.296875 0.639762
0.304688 0.644315
0.3125 0.654269
0.328125 0.658937
0.34375 0.668139
0.351562 0.668737
0.359375 0.668776
0.375 0.691616
0.382812 0.691886
0.390625 0.692947
0.398438 0.692986
0.40625 0.70539
0.421875 0.708245
0.429688 0.71002
0.4375 0.719434
0.453125 0.719511
0.46875 0.720861
0.484375 0.720938
0.492188 0.721324
0.5 0.731915
0.507812 0.732281
0.515625 0.73313
0.53125 0.733207
0.546875 0.737953
0.5625 0.740789
0.585938 0.743817
0.59375 0.743894
0.601562 0.745168
0.609375 0.748138
0.625 0.758691
0.632812 0.75898
0.65625 0.760909
0.679688 0.760948
0.6875 0.764902
0.703125 0.765327
0.710938 0.765577
0.71875 0.765635
0.75 0.776284
0.765625 0.776727
0.773438 0.776998
0.78125 0.782399
0.796875 0.782438
0.8125 0.782727
0.820312 0.78292
0.84375 0.786547
0.859375 0.786817
0.875 0.801111
0.890625 0.80115
0.90625 0.801343
0.914062 0.802288
0.929688 0.802307
0.9375 0.810216
0.945312 0.811818
0.96875 0.811856
0.976562 0.812107
0.984375 0.813843
1 0.824144
1.01562 0.826594
1.03125 0.828253
1.03906 0.828273
1.05469 0.837667
1.0625 0.837706
1.07812 0.837745
1.09375 0.839404
1.11719 0.845171
1.125 0.855801
1.13281 0.855917
1.14844 0.858559
1.17188 0.861241
1.1875 0.861299
1.19531 0.861337
1.20312 0.863459
1.21875 0.865504
1.25 0.875786
1.26562 0.875863
1.28906 0.875883
1.3125 0.876153
1.32031 0.877657
1.33594 0.877677
1.35938 0.877773
1.375 0.888171
1.40625 0.891605
1.42188 0.892396
1.4375 0.892415
1.45312 0.892434
1.47656 0.894055
1.48438 0.894074
1.5 0.904472
1.52344 0.905243
1.54688 0.905263
1.5625 0.905282
1.58594 0.90534
1.59375 0.905378
1.61719 0.905417
1.625 0.915737
1.64062 0.91649
1.6875 0.923647
1.69531 0.923666
1.71875 0.923762
1.75 0.93418
1.75781 0.934199
1.78125 0.934237
1.79688 0.934295
1.80469 0.936263
1.8125 0.93634
1.82812 0.936398
1.875 0.936475
1.89062 0.936533
1.89844 0.939909
1.92969 0.939948
1.9375 0.939986
1.95312 0.940005
1.96875 0.945349
1.97656 0.945368
2 0.945523
2.03125 0.94558
2.03906 0.945638
2.0625 0.945812
2.10938 0.945889
2.125 0.945966
2.1875 0.94614
2.23438 0.946256
2.25 0.948937
2.26562 0.949014
2.29688 0.951001
2.32031 0.952911
2.34375 0.953007
2.39062 0.953046
2.40625 0.953085
2.4375 0.953142
2.49219 0.953181
2.5 0.953316
2.51562 0.953355
2.53125 0.953413
2.53906 0.95347
2.625 0.9592
2.64062 0.959219
2.67188 0.959277
2.71875 0.959296
2.73438 0.959373
2.8125 0.959489
2.84375 0.959508
2.875 0.959586
2.90625 0.959624
2.92188 0.959663
2.94531 0.959701
2.95312 0.961688
2.96875 0.961708
3 0.961746
3.0625 0.961766
3.09375 0.961804
3.125 0.963425
3.17188 0.963502
3.1875 0.96354
3.23438 0.96356
3.25 0.963656
3.28125 0.963714
3.375 0.963791
3.39062 0.96383
3.4375 0.963907
3.45312 0.963945
3.5 0.964042
3.59375 0.964061
3.60938 0.96408
3.625 0.964177
3.65625 0.964215
3.71875 0.964273
3.75 0.96437
3.78125 0.964408
3.875 0.964428
3.90625 0.964447
3.9375 0.964486
4 0.964543
4.07812 0.964563
4.125 0.964601
4.15625 0.96464
4.21875 0.966183
4.25 0.96626
4.26562 0.966299
4.29688 0.966318
4.35938 0.966337
4.375 0.966376
4.5 0.966472
4.53125 0.966492
4.59375 0.96655
4.64062 0.96844
4.6875 0.968498
4.75 0.968517
4.78125 0.968537
4.8125 0.968575
4.84375 0.968614
4.875 0.96871
5 0.96873
5.03125 0.968749
5.0625 0.968807
5.15625 0.968826
5.25 0.970794
5.34375 0.970832
5.4375 0.970851
5.46875 0.971642
5.5 0.971681
5.625 0.971777
5.6875 0.971835
5.75 0.971893
5.8125 0.971932
5.84375 0.971951
5.89062 0.97199
5.90625 0.972125
5.9375 0.972163
6 0.972395
6.125 0.972453
6.1875 0.972723
6.25 0.972761
6.34375 0.972781
6.375 0.9728
6.5 0.972838
6.53125 0.972877
6.5625 0.972935
6.75 0.973051
6.875 0.973089
7 0.973244
7.03125 0.973263
7.125 0.973321
7.1875 0.97334
7.21875 0.973359
7.3125 0.973475
7.4375 0.973514
7.5 0.973572
7.5625 0.973591
7.71875 0.97361
7.875 0.975597
8 0.977545
8.25 0.977623
8.3125 0.977661
8.4375 0.9777
8.59375 0.979629
8.625 0.979648
8.75 0.979706
9 0.979764
9.0625 0.979783
9.1875 0.980555
9.34375 0.980574
9.375 0.982522
9.5 0.98258
9.625 0.9826
9.75 0.982638
9.96875 0.982677
10 0.982735
10.125 0.982793
10.1562 0.986207
10.5 0.986284
10.5625 0.986342
10.625 0.986361
10.6562 0.986381
10.9375 0.9864
11 0.986439
11.6875 0.986458
11.8125 0.987962
11.875 0.987982
12 0.98804
12.1875 0.988059
12.5 0.988078
12.6875 0.988098
12.9375 0.988117
13 0.988136
13.125 0.99074
14 0.99101
14.0625 0.9913
14.25 0.991319
14.375 0.991338
14.4375 0.992805
14.625 0.992824
15 0.992843
15.1875 0.992862
15.5 0.992882
15.75 0.99294
16 0.993287
16.25 0.993306
16.5 0.993325
16.625 0.993345
17.4375 0.993403
17.5 0.993422
17.875 0.993441
18 0.993499
18.125 0.993538
18.75 0.993576
19.25 0.993595
19.375 0.993615
20 0.99373
20.3125 0.99375
21 0.993769
21.125 0.993788
21.75 0.993808
21.9375 0.993827
22 0.993866
22.5 0.993885
24 0.994001
25 0.99402
25.1875 0.994039
26.125 0.994058
26.25 0.994097
27 0.994136
28 0.995582
28.5 0.995621
29.25 0.99564
29.75 0.99566
30 0.995679
32 0.995698
32.5 0.995717
33.25 0.995737
34.875 0.995756
35 0.995775
36 0.995833
37.125 0.995852
37.5 0.995872
38.25 0.99591
38.5 0.99593
38.75 0.995949
40 0.996026
42 0.996045
42.75 0.996065
44 0.99645
45 0.99647
45.5 0.996489
48 0.998399
49 0.998418
50.375 0.998437
51.75 0.998457
52 0.998515
52.25 0.998534
54 0.998553
55 0.998572
56 0.998688
59.5 0.998708
61.75 0.998727
63 0.998746
63.25 0.998765
67.5 0.998785
68 0.998804
69.75 0.998823
72.5 0.998862
73.5 0.998881
76 0.99892
77 0.998958
80 0.998978
81 0.998997
82.5 0.999016
84 0.999035
87.5 0.999074
88 0.999093
91 0.999113
93.5 0.999132
96 0.999151
100.75 0.99919
104.5 0.999209
105 0.999228
108 0.999248
114 0.999286
136 0.999306
137.5 0.999518
175 0.999556
176 0.999576
190 0.999672
228 0.999691
266 0.999711
304 0.999769
374 0.999788
418 0.999807
480 0.999826
532 0.999884
576 0.999923
648 0.999961
768 0.999981
864 1
