0 0.0665035
0.0078125 0.0675142
0.015625 0.0759916
0.0234375 0.0782773
0.03125 0.1073
0.0390625 0.108433
0.046875 0.120171
0.0546875 0.121558
0.0625 0.151414
0.0703125 0.153411
0.078125 0.161934
0.0859375 0.163026
0.09375 0.195975
0.101562 0.197225
0.109375 0.207307
0.117188 0.208353
0.125 0.236645
0.140625 0.246337
0.148438 0.246347
0.15625 0.274125
0.164062 0.275568
0.171875 0.284396
0.1875 0.345937
0.195312 0.346252
0.203125 0.355293
0.210938 0.356771
0.21875 0.385474
0.226562 0.385505
0.234375 0.388349
0.242188 0.388354
0.25 0.408803
0.257812 0.41117
0.265625 0.411181
0.273438 0.411297
0.28125 0.43292
0.296875 0.432925
0.304688 0.43422
0.3125 0.454665
0.328125 0.456844
0.34375 0.477455
0.351562 0.477862
0.359375 0.477877
0.375 0.530778
0.382812 0.530819
0.390625 0.531144
0.398438 0.531159
0.40625 0.551527
0.421875 0.551786
0.429688 0.551908
0.4375 0.572571
0.445312 0.572586
0.453125 0.572632
0.46875 0.573688
0.484375 0.573693
0.492188 0.573754
0.5 0.57382
0.507812 0.573881
0.515625 0.574511
0.53125 0.574526
0.539062 0.574531
0.546875 0.575181
0.5625 0.607344
0.585938 0.607923
0.59375 0.607943
0.601562 0.608019
0.609375 0.610244
0.625 0.61031
0.632812 0.61034
0.65625 0.611402
0.664062 0.611407
0.6875 0.612017
0.703125 0.612814
0.710938 0.612916
0.71875 0.612921
0.75 0.644915
0.765625 0.644956
0.773438 0.645002
0.78125 0.64556
0.796875 0.645596
0.8125 0.645997
0.820312 0.646917
0.84375 0.647526
0.859375 0.647618
0.875 0.647663
0.890625 0.647668
0.898438 0.647678
0.90625 0.647699
0.914062 0.648471
0.9375 0.682345
0.945312 0.682716
0.96875 0.682746
0.984375 0.682838
1 0.682868
1.01562 0.683935
1.03125 0.68426
1.03906 0.684275
1.05469 0.685184
1.0625 0.68521
1.07812 0.685225
1.09375 0.685763
1.11719 0.686312
1.125 0.719033
1.13281 0.719053
1.14844 0.719403
1.17188 0.719967
1.1875 0.719993
1.19531 0.719998
1.20312 0.720633
1.21094 0.720648
1.21875 0.720765
1.25 0.72078
1.25781 0.72079
1.26562 0.720846
1.28906 0.721095
1.3125 0.753658
1.32031 0.753679
1.32812 0.753704
1.33594 0.753709
1.35938 0.753729
1.375 0.753735
1.40625 0.7541
1.42188 0.754654
1.4375 0.754664
1.45312 0.754669
1.46094 0.754674
1.47656 0.754928
1.48438 0.754933
1.5 0.786882
1.52344 0.786969
1.53125 0.786979
1.5625 0.787019
1.58594 0.787029
1.59375 0.787035
1.625 0.78705
1.64062 0.78738
1.6875 0.819319
1.71875 0.819354
1.72656 0.819359
1.75 0.819385
1.78125 0.819415
1.79688 0.81943
1.80469 0.819943
1.8125 0.819984
1.82812 0.820004
1.85938 0.820009
1.875 0.851902
1.89844 0.851908
1.92969 0.851913
1.9375 0.851928
1.95312 0.851938
1.96875 0.852304
1.97656 0.852309
2 0.852355
2.03906 0.85236
2.0625 0.884695
2.07812 0.884705
2.10938 0.886691
2.125 0.886701
2.13281 0.887204
2.14844 0.887209
2.15625 0.887219
2.1875 0.887234
2.23438 0.88726
2.25 0.920107
2.26562 0.920153
2.29688 0.920514
2.32031 0.920758
2.34375 0.921352
2.375 0.921362
2.39062 0.921367
2.40625 0.921382
2.4375 0.95325
2.49219 0.953255
2.5 0.953275
2.51562 0.95328
2.53125 0.953524
2.53906 0.953534
2.57812 0.95354
2.625 0.986037
2.64062 0.986047
2.65625 0.986073
2.71875 0.986093
2.73438 0.986108
2.74219 0.986611
2.75 0.986621
2.8125 0.986773
2.84375 0.986779
2.875 0.986794
2.90625 0.986814
2.92188 0.986829
2.94531 0.986839
2.95312 0.987195
2.96875 0.98721
3 0.987256
3.0625 0.987261
3.09375 0.987281
3.125 0.987302
3.14844 0.987307
3.1875 0.987312
3.23438 0.987317
3.25 0.987353
3.28125 0.987378
3.375 0.987474
3.39062 0.987479
3.4375 0.9875
3.5 0.987535
3.51562 0.987546
3.5625 0.987566
3.59375 0.987571
3.60938 0.987576
3.625 0.987586
3.65625 0.988028
3.71875 0.988038
3.75 0.988074
3.79688 0.988094
3.875 0.988114
3.90625 0.988125
3.9375 0.98882
3.95312 0.988826
4 0.988846
4.0625 0.988861
4.07812 0.988871
4.125 0.988902
4.15625 0.988917
4.21875 0.989374
4.25 0.989394
4.29688 0.989399
4.3125 0.98941
4.35938 0.989415
4.375 0.989455
4.46875 0.989471
4.5 0.989511
4.59375 0.989526
4.64062 0.989831
4.67188 0.989846
4.6875 0.989877
4.75 0.989887
4.8125 0.989897
4.84375 0.989902
4.875 0.989938
5 0.989958
5.03125 0.989963
5.0625 0.989989
5.25 0.990019
5.3125 0.990045
5.4375 0.99006
5.46875 0.990293
5.48438 0.990314
5.5 0.990329
5.625 0.990359
5.6875 0.990385
5.75 0.99039
5.8125 0.990395
5.84375 0.990405
5.89062 0.99041
5.90625 0.99135
6 0.99138
6.125 0.991385
6.1875 0.991411
6.25 0.991416
6.29688 0.991426
6.34375 0.991441
6.5 0.991446
6.5625 0.991472
6.75 0.991502
6.875 0.991512
7 0.991538
7.03125 0.992102
7.125 0.992117
7.1875 0.992122
7.25 0.992132
7.3125 0.992147
7.4375 0.992178
7.5 0.992218
7.5625 0.992224
7.75 0.992234
7.8125 0.992264
7.875 0.99229
7.90625 0.992295
8 0.992315
8.125 0.992351
8.15625 0.992361
8.25 0.992371
8.3125 0.992381
8.4375 0.992401
8.5 0.992417
8.53125 0.992422
8.59375 0.992935
8.625 0.99295
8.71875 0.992955
8.75 0.99298
9 0.993062
9.1875 0.993072
9.28125 0.993082
9.34375 0.993087
9.375 0.993194
9.5 0.993224
9.5625 0.993239
9.625 0.993275
9.75 0.993285
9.96875 0.99329
10 0.993295
10.0625 0.9933
10.125 0.993321
10.1562 0.993666
10.5 0.993758
10.5625 0.993763
10.625 0.993773
10.6562 0.993778
10.6875 0.993783
10.875 0.993788
10.9375 0.994687
10.9688 0.994697
11 0.994702
11.25 0.994743
11.375 0.994748
11.625 0.994758
11.8125 0.994763
11.875 0.994768
12 0.994799
12.1875 0.994809
12.25 0.994824
12.5 0.994839
12.6875 0.994855
12.75 0.994865
13 0.99487
13.0625 0.994875
13.125 0.99489
13.5 0.994916
13.5625 0.994921
13.75 0.994926
14 0.994971
14.25 0.994992
14.4375 0.995576
14.5 0.995596
14.625 0.995601
15 0.995611
15.125 0.995617
15.1875 0.995622
15.4375 0.995627
15.625 0.995693
15.75 0.996424
15.8125 0.996429
16 0.996465
16.25 0.99647
16.3125 0.996475
16.5 0.996495
16.625 0.996505
16.875 0.996516
17 0.996521
17.0625 0.996526
17.1875 0.996531
17.25 0.996536
17.5 0.996551
17.875 0.996556
18 0.996577
18.125 0.996587
18.375 0.996602
18.6875 0.996612
18.75 0.996622
19.125 0.996627
19.25 0.996632
19.375 0.996637
19.5 0.996643
20 0.997166
20.125 0.997171
20.25 0.997181
21 0.997196
21.125 0.997201
21.9375 0.997206
22 0.997211
22.5 0.997227
22.75 0.997232
23.25 0.997252
23.75 0.997257
24 0.997333
24.75 0.997338
25 0.997364
25.1875 0.997369
25.375 0.997374
25.5 0.997379
25.875 0.997389
26 0.997404
26.25 0.997415
27 0.99743
27.125 0.997435
27.5 0.997445
28 0.997521
28.125 0.997526
28.5 0.997537
28.75 0.997542
29 0.997547
29.25 0.997552
30 0.997567
30.375 0.997572
31 0.997582
32 0.997912
33 0.997933
33.25 0.997948
34 0.997978
35 0.997999
36 0.998466
37.375 0.998471
37.5 0.998476
38 0.998486
38.25 0.998491
38.5 0.998502
39 0.998512
40 0.998517
40.25 0.998522
40.5 0.998527
41.25 0.998532
42 0.998547
42.25 0.998557
42.5 0.998568
42.625 0.998573
43.5 0.998583
44 0.998598
45 0.998603
45.5 0.998608
46.5 0.998618
47.25 0.998629
47.5 0.998634
48 0.998674
48.75 0.998679
49.5 0.998684
50 0.99871
50.375 0.998715
50.75 0.99872
51 0.998725
51.75 0.99873
52 0.998745
52.25 0.99875
54 0.998771
55 0.998781
56 0.998806
57 0.998811
57.5 0.998827
58 0.998832
59.5 0.998852
60 0.998857
61.75 0.998867
62.5 0.998872
63 0.998877
64 0.998883
65 0.998893
66 0.998913
66.5 0.998928
68 0.998969
69 0.998974
71.5 0.998989
72 0.99901
73.5 0.99903
74.75 0.999035
75 0.999101
76.5 0.999116
77.5 0.999121
78 0.999126
79.75 0.999137
80 0.999147
84 0.999167
84.5 0.999172
85.5 0.999177
87.5 0.999182
88 0.999197
90 0.999203
93 0.999213
94.5 0.999218
96 0.999223
98 0.999228
99 0.999233
100 0.999243
100.75 0.999248
102 0.999294
104 0.999299
105 0.999314
108 0.99933
108.5 0.999335
110 0.999345
117 0.99935
120 0.999355
121.5 0.99936
126 0.999365
126.5 0.99937
130 0.999385
132 0.999396
133 0.999401
136 0.999416
136.5 0.999421
138 0.999426
139.5 0.999431
140 0.999446
144 0.999467
149.5 0.999477
150 0.999482
154 0.999487
155 0.999492
156 0.999497
161 0.999512
168 0.999528
169 0.999533
170 0.999573
170.5 0.999578
171 0.999583
174 0.999589
175 0.999594
176 0.999599
180 0.999604
182 0.999609
186 0.999614
189 0.999619
196 0.999624
204 0.99965
210 0.99966
216 0.999675
220 0.99968
221 0.99969
224 0.999695
238 0.999721
240 0.999726
247 0.999731
264 0.999736
266 0.999741
272 0.999756
288 0.999766
290 0.999777
304 0.999782
306 0.999812
308 0.999817
310 0.999822
320 0.999832
340 0.999863
350 0.999868
360 0.999873
374 0.999893
377 0.999898
384 0.999903
390 0.999909
408 0.999929
442 0.999954
448 0.99997
476 0.999985
494 0.99999
504 0.999995
896 1
