0 0.0652927
0.0078125 0.069551
0.015625 0.0950081
0.0234375 0.102603
0.03125 0.149591
0.0390625 0.154181
0.046875 0.182366
0.0546875 0.187767
0.0625 0.234276
0.0703125 0.241742
0.078125 0.265392
0.0859375 0.272747
0.09375 0.331293
0.101562 0.335423
0.109375 0.364788
0.117188 0.369599
0.125 0.410227
0.132812 0.410264
0.140625 0.435629
0.148438 0.435647
0.15625 0.478432
0.164062 0.482783
0.171875 0.506802
0.179688 0.506857
0.1875 0.554435
0.195312 0.554601
0.203125 0.577994
0.210938 0.58157
0.21875 0.626585
0.226562 0.626604
0.234375 0.635249
0.242188 0.635434
0.25 0.659047
0.257812 0.663582
0.265625 0.663619
0.273438 0.664006
0.28125 0.691436
0.304688 0.694956
0.3125 0.720745
0.328125 0.726921
0.34375 0.751899
0.351562 0.752544
0.359375 0.752599
0.375 0.776821
0.382812 0.777172
0.390625 0.77754
0.398438 0.777559
0.40625 0.800251
0.421875 0.804159
0.429688 0.807753
0.4375 0.830962
0.453125 0.831017
0.46875 0.835699
0.484375 0.835865
0.492188 0.838648
0.5 0.838962
0.507812 0.839404
0.515625 0.840344
0.53125 0.8404
0.539062 0.840437
0.546875 0.842833
0.5625 0.8444
0.585938 0.844695
0.59375 0.844713
0.601562 0.845082
0.609375 0.849303
0.625 0.849653
0.632812 0.850723
0.65625 0.854686
0.664062 0.854704
0.679688 0.854833
0.6875 0.857009
0.703125 0.858852
0.710938 0.862096
0.726562 0.862281
0.742188 0.862336
0.75 0.864327
0.765625 0.864603
0.773438 0.86641
0.78125 0.866778
0.796875 0.866815
0.8125 0.868106
0.820312 0.869839
0.84375 0.870668
0.859375 0.874244
0.875 0.876161
0.890625 0.876198
0.90625 0.876254
0.914062 0.879461
0.929688 0.879498
0.9375 0.885065
0.945312 0.886779
0.96875 0.886908
0.984375 0.888623
1 0.888715
1.01562 0.891351
1.03125 0.892936
1.03906 0.892973
1.05469 0.894577
1.0625 0.894687
1.07812 0.894706
1.09375 0.894835
1.11719 0.895296
1.125 0.897342
1.13281 0.897397
1.14844 0.897434
1.17188 0.902153
1.1875 0.90219
1.20312 0.90254
1.21094 0.902743
1.21875 0.906227
1.25 0.906264
1.26562 0.908015
1.28906 0.9096
1.3125 0.915223
1.32031 0.91679
1.32812 0.916826
1.35938 0.916882
1.375 0.916919
1.40625 0.918504
1.42188 0.921767
1.4375 0.921951
1.45312 0.92208
1.46094 0.922117
1.47656 0.922172
1.48438 0.922191
1.5 0.923868
1.52344 0.923905
1.53125 0.924937
1.5625 0.924993
1.58594 0.925048
1.59375 0.92514
1.625 0.925269
1.64062 0.928458
1.6875 0.929693
1.69531 0.929933
1.71875 0.929951
1.72656 0.92997
1.75 0.929988
1.78125 0.930044
1.80469 0.930062
1.8125 0.930191
1.82812 0.930228
1.85938 0.930246
1.875 0.931279
1.89062 0.931297
1.89844 0.931352
1.92969 0.931371
1.9375 0.931518
1.95312 0.931574
1.96875 0.933509
1.97656 0.933528
2 0.933638
2.03125 0.933657
2.03906 0.93373
2.0625 0.933804
2.07812 0.933841
2.10938 0.9355
2.125 0.935555
2.15625 0.935574
2.17969 0.935813
2.1875 0.93585
2.25 0.939574
2.26562 0.939703
2.29688 0.93974
2.32031 0.941307
2.34375 0.943113
2.375 0.943224
2.39062 0.943242
2.40625 0.943279
2.42188 0.943463
2.4375 0.94503
2.49219 0.945067
2.5 0.945233
2.51562 0.945251
2.53125 0.946818
2.57812 0.946837
2.625 0.948643
2.65625 0.948662
2.66406 0.948791
2.67188 0.948828
2.71875 0.94892
2.73438 0.949012
2.74219 0.94903
2.75 0.949086
2.8125 0.950708
2.84375 0.950745
2.875 0.950966
2.90625 0.951095
2.92188 0.951113
2.94531 0.951187
2.95312 0.95469
2.96875 0.954726
3 0.954985
3.04688 0.955003
3.125 0.955132
3.14844 0.955279
3.17188 0.955372
3.1875 0.955427
3.25 0.955519
3.28125 0.955556
3.375 0.95727
3.39062 0.957436
3.4375 0.957473
3.45312 0.957492
3.5 0.957565
3.51562 0.957602
3.5625 0.957639
3.59375 0.957657
3.625 0.957676
3.65625 0.959206
3.71875 0.959243
3.75 0.959372
3.85938 0.95939
3.90625 0.959409
3.9375 0.960717
4 0.962266
4.0625 0.962284
4.125 0.96234
4.15625 0.962376
4.21875 0.962432
4.25 0.962469
4.29688 0.962506
4.3125 0.962579
4.35938 0.962635
4.375 0.962727
4.46875 0.962745
4.5 0.962874
4.53125 0.962893
4.59375 0.962911
4.64062 0.962948
4.6875 0.964533
4.75 0.964644
4.8125 0.964662
4.84375 0.964681
4.875 0.964718
5 0.964773
5.03125 0.964828
5.0625 0.967944
5.25 0.968183
5.3125 0.968202
5.34375 0.96822
5.4375 0.968275
5.46875 0.971428
5.48438 0.972994
5.5 0.973031
5.625 0.97316
5.6875 0.973216
5.75 0.973382
5.8125 0.973418
5.84375 0.973437
5.90625 0.975041
5.9375 0.975077
6 0.975188
6.125 0.975225
6.1875 0.97528
6.25 0.977879
6.375 0.977935
6.46875 0.977972
6.5 0.978027
6.53125 0.978045
6.5625 0.978174
6.75 0.978266
6.78125 0.978303
6.875 0.97834
7 0.978396
7.03125 0.978525
7.125 0.978561
7.1875 0.978746
7.25 0.978783
7.3125 0.978801
7.4375 0.978838
7.5 0.978875
7.5625 0.978893
7.59375 0.978912
7.71875 0.97893
7.75 0.978967
7.8125 0.979133
7.875 0.979391
7.90625 0.979409
8 0.979502
8.125 0.97952
8.25 0.979557
8.3125 0.979594
8.4375 0.979631
8.5 0.979686
8.59375 0.981179
8.625 0.981363
9 0.981492
9.0625 0.981511
9.1875 0.983299
9.375 0.984294
9.5 0.984405
9.625 0.984442
9.75 0.98446
9.96875 0.984479
10 0.984626
10.0625 0.984829
10.1562 0.984847
10.5 0.985013
10.5625 0.98505
10.6562 0.985069
10.6875 0.985087
10.875 0.985105
10.9375 0.985142
10.9688 0.985161
11 0.985179
11.25 0.985216
11.5 0.985382
11.7812 0.9854
11.8125 0.98564
11.875 0.985695
12 0.987299
12.1875 0.987318
12.375 0.987336
12.5 0.98741
12.9375 0.987649
13 0.987668
13.0625 0.987705
13.125 0.989437
13.75 0.989474
14 0.989511
14.25 0.989548
14.375 0.989677
14.4375 0.989806
15 0.989825
15.4375 0.989843
15.5 0.989917
15.75 0.990119
15.8125 0.990304
16 0.990488
16.25 0.990507
16.5 0.990525
16.625 0.99058
16.875 0.990599
17 0.990617
17.0625 0.992368
17.25 0.992497
17.5 0.992516
18.375 0.99423
18.6875 0.994378
18.75 0.994396
19.125 0.994415
19.25 0.994451
19.375 0.99447
19.5 0.994507
20 0.994544
20.125 0.994746
20.25 0.994765
20.3125 0.994783
21.75 0.994802
21.875 0.99482
22 0.994875
22.75 0.994894
23.5625 0.994912
23.625 0.994931
23.75 0.994968
24 0.995797
25 0.995834
26 0.995852
26.25 0.995871
28 0.997548
31 0.997677
31.5 0.997696
32 0.997714
33 0.997733
33.25 0.997751
33.75 0.99777
36 0.997806
36.25 0.997825
37.5 0.997843
38 0.997862
39.875 0.99788
40 0.997899
42.5 0.997935
42.75 0.997972
43.5 0.997991
45 0.998009
45.5 0.998028
46.5 0.998138
48 0.998175
50 0.998212
52 0.998378
52.25 0.998396
54 0.998415
55 0.998433
55.25 0.998452
56 0.998507
60 0.998525
62 0.998673
63 0.998691
63.25 0.99871
64 0.998728
68 0.998746
69.75 0.998765
70 0.998783
71.5 0.99882
74.75 0.998839
75 0.998931
77 0.998949
77.5 0.998986
87.5 0.999097
90 0.999115
93 0.999207
95 0.999226
99 0.999244
100.75 0.999263
102 0.999281
104 0.9993
104.5 0.999318
108 0.999336
108.5 0.999373
124 0.99941
136 0.999429
139.5 0.999521
155 0.999539
170.5 0.999631
186 0.999723
201.5 0.999853
217 0.999908
432 0.999945
768 0.999982
864 1
