0 0.0360213
0.0078125 0.0374621
0.015625 0.0444179
0.0234375 0.0471009
0.03125 0.0612113
0.0390625 0.0628757
0.046875 0.0747255
0.0546875 0.076216
0.0625 0.086451
0.0703125 0.0932578
0.078125 0.100412
0.0859375 0.101977
0.09375 0.121727
0.101562 0.12672
0.109375 0.141949
0.117188 0.144855
0.125 0.155314
0.132812 0.157152
0.140625 0.165797
0.148438 0.167263
0.15625 0.1889
0.164062 0.191608
0.171875 0.210886
0.179688 0.215904
0.1875 0.227555
0.195312 0.229195
0.203125 0.236299
0.210938 0.239082
0.21875 0.253292
0.226562 0.254708
0.234375 0.266905
0.242188 0.268495
0.25 0.28663
0.257812 0.289437
0.265625 0.296592
0.273438 0.298331
0.28125 0.313807
0.289062 0.315223
0.296875 0.325682
0.304688 0.328464
0.3125 0.342649
0.320312 0.34409
0.328125 0.352685
0.335938 0.354126
0.34375 0.36461
0.351562 0.367442
0.359375 0.374621
0.367188 0.376112
0.375 0.387862
0.382812 0.389353
0.390625 0.398346
0.398438 0.399588
0.40625 0.415487
0.421875 0.422318
0.429688 0.422467
0.4375 0.434938
0.445312 0.43618
0.453125 0.441496
0.46875 0.456029
0.484375 0.461495
0.492188 0.466488
0.5 0.475456
0.507812 0.47553
0.515625 0.486461
0.53125 0.495205
0.539062 0.496373
0.546875 0.502161
0.5625 0.516744
0.578125 0.522333
0.585938 0.523575
0.59375 0.532767
0.601562 0.532841
0.609375 0.539748
0.625 0.548666
0.632812 0.552367
0.640625 0.568614
0.65625 0.578974
0.664062 0.579073
0.671875 0.587966
0.679688 0.589059
0.6875 0.597804
0.703125 0.605356
0.710938 0.605455
0.71875 0.614423
0.726562 0.615616
0.734375 0.625006
0.742188 0.629155
0.75 0.639787
0.765625 0.645551
0.773438 0.646867
0.78125 0.650619
0.796875 0.652159
0.8125 0.655761
0.820312 0.657326
0.84375 0.663785
0.859375 0.663959
0.867188 0.665251
0.875 0.672877
0.890625 0.674442
0.898438 0.674517
0.90625 0.677895
0.914062 0.678988
0.929688 0.679113
0.9375 0.687783
0.945312 0.687807
0.960938 0.688851
0.96875 0.692229
0.976562 0.692378
0.984375 0.694366
1 0.697794
1.00781 0.698986
1.01562 0.699135
1.03125 0.704253
1.03906 0.704278
1.05469 0.706663
1.0625 0.710538
1.07812 0.71188
1.09375 0.715432
1.10156 0.716699
1.11719 0.716749
1.125 0.721792
1.13281 0.721941
1.14844 0.723332
1.15625 0.726785
1.17188 0.727356
1.1875 0.730834
1.19531 0.730909
1.20312 0.731207
1.21094 0.731306
1.21875 0.739107
1.25 0.746112
1.25781 0.746162
1.26562 0.746882
1.28125 0.750261
1.28906 0.750385
1.3125 0.754608
1.32812 0.758757
1.33594 0.758807
1.34375 0.762359
1.35938 0.762732
1.36719 0.762856
1.375 0.766433
1.40625 0.77252
1.42188 0.772594
1.4375 0.776072
1.44531 0.776171
1.45312 0.776445
1.46094 0.776469
1.46875 0.779749
1.47656 0.779873
1.48438 0.780072
1.5 0.783997
1.52344 0.784171
1.53125 0.791052
1.54688 0.791524
1.5625 0.795822
1.58594 0.795896
1.59375 0.796294
1.60156 0.796343
1.625 0.796517
1.63281 0.800119
1.64062 0.800889
1.67969 0.800989
1.6875 0.80151
1.69531 0.801784
1.71875 0.802057
1.72656 0.802131
1.73438 0.802479
1.75 0.802951
1.75781 0.806678
1.78125 0.807075
1.79688 0.807249
1.80469 0.807398
1.8125 0.807448
1.82812 0.80792
1.83594 0.807969
1.85938 0.808168
1.875 0.812342
1.89062 0.812391
1.89844 0.812416
1.91406 0.812665
1.92188 0.812963
1.9375 0.813037
1.95312 0.813062
1.96875 0.817534
1.97656 0.817658
1.99219 0.817683
2 0.818031
2.01562 0.818329
2.02344 0.818378
2.03125 0.818602
2.03906 0.818801
2.0625 0.819322
2.07812 0.819471
2.10938 0.819844
2.125 0.820068
2.13281 0.820341
2.14844 0.824365
2.15625 0.824688
2.17969 0.824713
2.1875 0.824837
2.20312 0.82516
2.22656 0.82526
2.23438 0.825533
2.24219 0.825607
2.25 0.829483
2.29688 0.830029
2.3125 0.830054
2.32031 0.830129
2.33594 0.833631
2.34375 0.833681
2.35156 0.833855
2.375 0.833905
2.39062 0.83393
2.40625 0.834004
2.42188 0.834103
2.4375 0.834228
2.46094 0.834426
2.49219 0.834476
2.5 0.834551
2.51562 0.834675
2.53125 0.835047
2.53906 0.835072
2.5625 0.835097
2.57031 0.835321
2.57812 0.835594
2.625 0.835768
2.64062 0.835793
2.65625 0.835818
2.66406 0.835842
2.67188 0.835942
2.67969 0.835991
2.69531 0.836066
2.71875 0.836141
2.73438 0.83629
2.74219 0.836364
2.75 0.836613
2.78906 0.836662
2.8125 0.836861
2.83594 0.837035
2.84375 0.837109
2.875 0.837209
2.88281 0.837234
2.89062 0.837283
2.90625 0.837507
2.92188 0.837557
2.9375 0.837606
2.94531 0.837656
2.95312 0.841382
2.96875 0.841457
3 0.84178
3.04688 0.853952
3.0625 0.854077
3.09375 0.854325
3.125 0.854424
3.16406 0.854449
3.17188 0.854499
3.17969 0.854524
3.1875 0.854573
3.20312 0.854648
3.23438 0.854673
3.25 0.854698
3.26562 0.854747
3.28125 0.854872
3.30469 0.854921
3.35156 0.854971
3.35938 0.855021
3.375 0.858821
3.39844 0.858846
3.41406 0.858896
3.4375 0.858946
3.44531 0.858995
3.45312 0.85907
3.46875 0.859095
3.5 0.859144
3.51562 0.859194
3.52344 0.862722
3.55469 0.862747
3.5625 0.862821
3.58594 0.866846
3.59375 0.86687
3.60938 0.866895
3.65625 0.867119
3.67188 0.867144
3.69531 0.867293
3.71094 0.867318
3.75 0.86769
3.77344 0.86774
3.78125 0.867765
3.79688 0.871243
3.82812 0.874894
3.84375 0.874944
3.85938 0.878993
3.86719 0.883142
3.875 0.883192
3.90625 0.883217
3.9375 0.883291
3.95312 0.887415
3.96094 0.891439
3.98438 0.891489
4 0.891588
4.00781 0.891812
4.03125 0.891862
4.03906 0.891911
4.0625 0.891961
4.07812 0.892036
4.10156 0.892209
4.125 0.892259
4.13281 0.892284
4.15625 0.892309
4.16406 0.892408
4.21094 0.892458
4.21875 0.892681
4.25 0.892731
4.26562 0.89688
4.30469 0.896954
4.35938 0.896979
4.36719 0.900457
4.375 0.900507
4.45312 0.900681
4.46875 0.900755
4.49219 0.90078
4.51562 0.90083
4.57031 0.904904
4.59375 0.905152
4.67188 0.905202
4.6875 0.905276
4.70312 0.905301
4.75 0.905326
4.75781 0.905351
4.78125 0.905426
4.80469 0.909003
4.8125 0.913027
4.84375 0.913077
4.875 0.913201
4.91406 0.913226
4.98438 0.913251
5 0.913276
5.03125 0.91335
5.0625 0.9134
5.14062 0.913425
5.15625 0.913549
5.19531 0.913574
5.21094 0.913599
5.25 0.913723
5.27344 0.913847
5.32812 0.913872
5.34375 0.913922
5.39062 0.913971
5.4375 0.914071
5.46875 0.914145
5.48438 0.91417
5.5 0.914195
5.50781 0.918244
5.57812 0.918319
5.625 0.918443
5.6875 0.918468
5.76562 0.918493
5.78125 0.918517
5.78906 0.918542
5.8125 0.922592
5.84375 0.922616
5.89062 0.922641
5.90625 0.922691
5.9375 0.922741
6 0.922865
6.04688 0.92289
6.1875 0.922939
6.25 0.922989
6.32812 0.923113
6.375 0.923163
6.5 0.923237
6.50781 0.923262
6.5625 0.923411
6.64062 0.923436
6.75 0.923536
6.875 0.923585
6.90625 0.92361
6.9375 0.927635
6.96094 0.927684
7 0.927734
7.02344 0.927759
7.03125 0.927808
7.04688 0.927833
7.125 0.927883
7.17188 0.931386
7.1875 0.931435
7.21875 0.93146
7.25 0.93151
7.3125 0.931758
7.4375 0.931783
7.5 0.931833
7.51562 0.931858
7.5625 0.931883
7.59375 0.931957
7.65625 0.931982
7.6875 0.932032
7.70312 0.932056
7.72656 0.932081
7.73438 0.932106
7.75 0.932131
7.8125 0.93223
7.875 0.93233
7.92188 0.932379
7.96875 0.932404
7.99219 0.932454
8 0.932479
8.01562 0.932504
8.0625 0.932528
8.125 0.932553
8.15625 0.932677
8.20312 0.932727
8.22656 0.93623
8.23438 0.936255
8.25 0.936304
8.32812 0.936354
8.38281 0.936404
8.4375 0.936677
8.5 0.936702
8.60938 0.936727
8.625 0.936826
8.64844 0.93695
8.73438 0.937
8.75 0.937025
8.78906 0.937174
8.85938 0.941372
8.9375 0.941397
9 0.941447
9.03125 0.941472
9.0625 0.941571
9.17969 0.941745
9.1875 0.94177
9.20312 0.941819
9.28125 0.945844
9.375 0.945869
9.51562 0.945894
9.54688 0.945918
9.5625 0.945943
9.625 0.945968
9.70312 0.945993
9.75 0.946067
9.76562 0.946092
10 0.946167
10.0781 0.946192
10.0938 0.946217
10.125 0.950315
10.25 0.95034
10.3125 0.950365
10.5 0.950415
10.5469 0.950589
10.6484 0.950638
10.6875 0.950663
10.7188 0.950688
10.7812 0.950713
10.8984 0.950738
10.9688 0.950763
11 0.950787
11.1406 0.950812
11.25 0.950961
11.4844 0.950986
11.5 0.951036
11.5781 0.951061
11.7188 0.951086
11.8125 0.95116
11.875 0.951185
11.9531 0.95121
12 0.951284
12.0938 0.954762
12.1094 0.954787
12.2188 0.954837
12.2344 0.954862
12.25 0.954886
12.5 0.954936
12.6562 0.95506
12.7188 0.955085
12.7969 0.955135
12.8125 0.955185
13.0625 0.955209
13.0781 0.955234
13.125 0.955284
13.2812 0.958762
13.5 0.959035
13.5938 0.95906
13.8125 0.959085
13.9219 0.95911
14 0.959159
14.0625 0.959259
14.25 0.959284
14.375 0.959383
14.5312 0.959408
14.8438 0.959433
14.875 0.959457
15 0.959631
15.125 0.959656
15.6094 0.959681
15.625 0.959731
15.75 0.959805
15.9375 0.95988
16 0.959929
16.0781 0.959954
16.125 0.960004
16.1719 0.960029
16.1875 0.960054
16.25 0.960079
16.3125 0.960103
16.4531 0.963656
16.5 0.96373
16.625 0.963755
16.6562 0.96378
17 0.963805
17.0625 0.963979
17.25 0.964028
17.4375 0.964053
17.5 0.964078
17.625 0.964103
17.7188 0.964153
17.8125 0.964177
17.9375 0.964202
18 0.9645
18.125 0.964525
18.375 0.96455
18.5 0.964575
18.5625 0.964625
18.5781 0.964649
18.5938 0.964674
18.6875 0.964699
18.75 0.964724
19 0.964774
19.0312 0.964799
19.25 0.964848
19.4062 0.964898
19.5 0.964923
19.5312 0.964972
19.5938 0.964997
19.8594 0.965022
19.9375 0.965072
20 0.965221
20.1875 0.965246
20.25 0.965295
20.3438 0.96532
20.5625 0.965345
20.625 0.96542
20.8438 0.965469
21.0938 0.965643
21.25 0.965718
21.3125 0.965743
21.9375 0.965767
22 0.965817
22.2812 0.965842
22.3125 0.965892
22.5 0.965966
22.6562 0.969618
22.75 0.969643
22.9688 0.969668
23 0.969842
23.1562 0.969866
23.5625 0.969916
23.625 0.970015
24 0.97009
24.1875 0.970463
24.2812 0.970487
24.4375 0.970512
25 0.970587
25.3125 0.970612
25.4375 0.970636
25.5312 0.970661
25.7812 0.974711
25.875 0.97476
26 0.974959
26.1562 0.974984
26.25 0.975034
26.5938 0.975058
27.125 0.975083
27.1875 0.975133
27.5 0.975158
27.5625 0.975232
27.8438 0.975257
28.5 0.975282
28.6875 0.975307
28.875 0.975332
29 0.975356
29.25 0.975406
29.375 0.975431
29.5312 0.975481
30 0.975679
30.0312 0.975704
30.4688 0.975779
30.75 0.975804
30.9375 0.975828
31.25 0.975853
31.5 0.976052
31.625 0.976077
31.7188 0.976102
31.875 0.976127
31.9688 0.976151
32.0312 0.976201
32.1562 0.976226
32.5 0.976251
32.625 0.976276
32.9062 0.976325
33.0625 0.97635
33.5938 0.976425
33.75 0.97645
34.5 0.976474
35 0.976499
35.4375 0.976549
35.875 0.976574
35.9375 0.976623
36.25 0.976648
36.2812 0.976673
37.125 0.976723
38.1875 0.976748
38.75 0.976797
39 0.976822
39.375 0.976872
39.8125 0.976897
39.875 0.976922
40 0.980126
41 0.980151
41.25 0.980176
42 0.980226
42.25 0.98025
42.625 0.980275
42.75 0.980325
42.875 0.98035
43.3125 0.983828
43.5 0.983877
43.75 0.983927
44 0.984151
45 0.9842
45.125 0.984225
45.9375 0.984275
46.3125 0.9843
46.5 0.984374
47.5 0.984399
48 0.984474
48.6875 0.984498
48.875 0.984523
49.875 0.984548
50 0.984697
51.25 0.984722
52.5 0.988746
55 0.988771
56 0.988846
56.25 0.988871
57 0.98892
58 0.988945
58.5 0.988995
59.5 0.98902
59.8125 0.989045
60 0.989218
61.75 0.989293
63 0.992845
63.25 0.99287
64.0625 0.993069
66 0.993119
66.5 0.993144
68 0.993268
70.5 0.993293
76 0.993317
76.125 0.993342
76.5 0.993367
76.5625 0.993541
77 0.993566
80 0.993616
80.5 0.99364
81 0.993665
84.375 0.99369
85.5 0.993715
88 0.99374
89.125 0.993765
92 0.993789
92.5 0.993814
94.9375 0.993864
96 0.993914
97.5 0.993963
99 0.993988
101.5 0.994013
105.125 0.994038
108 0.994112
110 0.994137
112.5 0.994162
116 0.994187
117 0.994212
119 0.994237
120 0.994336
120.75 0.994386
123.5 0.99441
124 0.994485
126 0.99451
128 0.994609
136.5 0.994634
138.375 0.994659
140 0.998708
144 0.998733
148 0.998783
152 0.998832
152.25 0.998857
156.75 0.998882
161.5 0.998932
162.75 0.998957
166.75 0.998981
171 0.999031
172 0.999056
175 0.99923
175.75 0.99928
178.25 0.999304
180 0.999329
189 0.999354
196 0.999379
198 0.999404
228 0.999429
236.5 0.999478
240.5 0.999503
248 0.999553
252 0.999578
255.75 0.999603
277.5 0.999627
300 0.999652
308 0.999677
322 0.999702
333.25 0.999727
367.5 0.999752
382.5 0.999776
384 0.999801
408 0.999826
465.5 0.999851
612 0.999876
1152 0.999925
1462 0.99995
1656 1
