0 0.0186545
0.0078125 0.0190019
0.015625 0.020893
0.0234375 0.0214797
0.03125 0.0239461
0.0390625 0.0397583
0.046875 0.0429708
0.0546875 0.0433468
0.0625 0.0456821
0.0703125 0.0463201
0.078125 0.0633512
0.0859375 0.0636816
0.09375 0.0681302
0.101562 0.0688877
0.109375 0.0706877
0.117188 0.0867676
0.125 0.0902137
0.132812 0.0905497
0.140625 0.0924351
0.148438 0.0927655
0.15625 0.110605
0.164062 0.111477
0.171875 0.11412
0.179688 0.11445
0.1875 0.118329
0.195312 0.134124
0.203125 0.136386
0.210938 0.138379
0.21875 0.141125
0.226562 0.141848
0.234375 0.159312
0.242188 0.159665
0.25 0.163146
0.257812 0.163778
0.265625 0.165287
0.273438 0.181145
0.28125 0.183942
0.289062 0.184278
0.296875 0.186083
0.304688 0.186989
0.3125 0.204806
0.320312 0.205154
0.328125 0.208435
0.335938 0.208759
0.34375 0.211083
0.351562 0.227721
0.359375 0.229892
0.367188 0.230228
0.375 0.232945
0.382812 0.233304
0.390625 0.251081
0.398438 0.251366
0.40625 0.253775
0.421875 0.257848
0.429688 0.273312
0.4375 0.276992
0.445312 0.277265
0.453125 0.280205
0.46875 0.300391
0.484375 0.301582
0.492188 0.301924
0.5 0.305011
0.507812 0.32047
0.515625 0.321968
0.53125 0.324058
0.539062 0.324309
0.546875 0.34126
0.5625 0.344023
0.578125 0.345612
0.585938 0.362495
0.59375 0.364489
0.601562 0.364574
0.609375 0.369797
0.625 0.388777
0.632812 0.389056
0.640625 0.390736
0.65625 0.393544
0.664062 0.409015
0.671875 0.410621
0.679688 0.410889
0.6875 0.413714
0.703125 0.430802
0.710938 0.43083
0.71875 0.4332
0.726562 0.433485
0.734375 0.434931
0.742188 0.450396
0.75 0.454537
0.765625 0.456075
0.773438 0.456366
0.78125 0.473026
0.796875 0.473374
0.8125 0.475316
0.820312 0.491106
0.84375 0.492308
0.859375 0.507795
0.867188 0.508051
0.875 0.508889
0.890625 0.509242
0.898438 0.524689
0.90625 0.525487
0.914062 0.52576
0.929688 0.525823
0.9375 0.542501
0.945312 0.542518
0.960938 0.542786
0.96875 0.543577
0.976562 0.559025
0.984375 0.559486
1 0.560272
1.00781 0.560626
1.01562 0.576096
1.03125 0.577201
1.03906 0.57723
1.05469 0.593327
1.0625 0.594289
1.07812 0.59462
1.09375 0.610922
1.10156 0.611189
1.125 0.612397
1.13281 0.627833
1.14844 0.628089
1.15625 0.628875
1.17188 0.644887
1.1875 0.645719
1.19531 0.645736
1.20312 0.645747
1.21094 0.6612
1.21875 0.662112
1.25 0.67838
1.25781 0.678397
1.26562 0.678482
1.28125 0.67928
1.28906 0.694733
1.3125 0.696123
1.32031 0.696134
1.32812 0.711616
1.33594 0.711633
1.34375 0.712448
1.35938 0.712539
1.36719 0.727998
1.375 0.72908
1.40625 0.745428
1.42188 0.745467
1.4375 0.746282
1.44531 0.761712
1.45312 0.761775
1.46094 0.761787
1.46875 0.762601
1.47656 0.762641
1.48438 0.7781
1.5 0.779028
1.52344 0.794504
1.53125 0.79533
1.54688 0.795387
1.5625 0.811148
1.59375 0.811234
1.60156 0.826659
1.61719 0.826676
1.625 0.827109
1.64062 0.842676
1.67969 0.85814
1.6875 0.858659
1.69531 0.858687
1.71875 0.87418
1.72656 0.874186
1.73438 0.874255
1.75 0.874323
1.75781 0.889748
1.78125 0.889822
1.79688 0.905309
1.80469 0.905321
1.8125 0.905355
1.82812 0.905452
1.83594 0.920882
1.85938 0.920905
1.875 0.937173
1.89062 0.937179
1.89844 0.937184
1.91406 0.95262
1.92188 0.9527
1.9375 0.952717
1.95312 0.952723
1.96875 0.952905
1.97656 0.952922
1.99219 0.953338
2 0.953355
2.01562 0.953418
2.02344 0.953429
2.03125 0.955645
2.03906 0.955662
2.0625 0.955765
2.07812 0.955793
2.10938 0.958083
2.125 0.958094
2.13281 0.958111
2.14844 0.958539
2.15625 0.958635
2.1875 0.958692
2.20312 0.958761
2.23438 0.958772
2.24219 0.958795
2.25 0.960003
2.26562 0.960014
2.29688 0.960122
2.3125 0.960139
2.32031 0.960168
2.33594 0.960173
2.34375 0.960225
2.35156 0.960242
2.375 0.960276
2.39062 0.960287
2.40625 0.960327
2.42188 0.960339
2.4375 0.960373
2.46094 0.960396
2.49219 0.960418
2.5 0.961535
2.51562 0.96154
2.52344 0.961558
2.53125 0.961597
2.53906 0.961609
2.5625 0.961683
2.57031 0.961689
2.57812 0.962811
2.625 0.96313
2.64062 0.963135
2.65625 0.963397
2.66406 0.963409
2.67188 0.963414
2.67969 0.963449
2.6875 0.963466
2.69531 0.963471
2.71875 0.963483
2.73438 0.9635
2.74219 0.963517
2.75 0.963528
2.78906 0.96354
2.8125 0.964064
2.83594 0.964075
2.84375 0.964081
2.875 0.964098
2.88281 0.964109
2.89062 0.964115
2.90625 0.964121
2.92188 0.964132
2.92969 0.965226
2.9375 0.965237
2.94531 0.965254
2.95312 0.965938
2.96875 0.965955
3 0.965983
3.00781 0.965995
3.02344 0.966
3.04688 0.967117
3.05469 0.967123
3.0625 0.967128
3.09375 0.967168
3.11719 0.967174
3.125 0.967197
3.14844 0.967202
3.16406 0.967208
3.17969 0.968717
3.1875 0.968729
3.20312 0.96874
3.25 0.968746
3.26562 0.968752
3.28125 0.968814
3.30469 0.96882
3.35156 0.968837
3.35938 0.968848
3.375 0.970045
3.39844 0.97005
3.4375 0.970079
3.45312 0.970102
3.46875 0.970113
3.5 0.970534
3.51562 0.970546
3.52344 0.970552
3.5625 0.970569
3.59375 0.970597
3.60938 0.970893
3.625 0.97091
3.65625 0.970927
3.69531 0.970933
3.75 0.970962
3.77344 0.970973
3.78125 0.970979
3.79688 0.970984
3.82812 0.971281
3.84375 0.971298
3.85156 0.971309
3.85938 0.971315
3.86719 0.971321
3.875 0.971326
3.90625 0.971332
3.9375 0.971366
3.95312 0.971383
3.98438 0.971406
4 0.97148
4.03125 0.971491
4.03906 0.971503
4.0625 0.971782
4.10156 0.972608
4.125 0.972876
4.16406 0.973138
4.21094 0.974231
4.21875 0.975359
4.25 0.975382
4.26562 0.975672
4.3125 0.976783
4.33594 0.977045
4.375 0.978161
4.40625 0.978167
4.42969 0.978572
4.46875 0.978999
4.49219 0.979004
4.5 0.979039
4.57031 0.979061
4.59375 0.979084
4.64062 0.979096
4.67188 0.979101
4.6875 0.980206
4.75 0.980218
4.75781 0.980223
4.78125 0.980235
4.80469 0.98052
4.8125 0.980531
4.85156 0.980537
4.875 0.980554
4.88281 0.980559
4.92188 0.980599
4.98438 0.980628
5 0.980656
5.03125 0.980668
5.03906 0.980685
5.04688 0.980696
5.0625 0.980952
5.07812 0.981021
5.08594 0.981032
5.21094 0.981038
5.25 0.981061
5.3125 0.981066
5.35938 0.98216
5.39062 0.982564
5.4375 0.982582
5.46875 0.982587
5.48438 0.983681
5.5 0.983698
5.50781 0.983704
5.57812 0.984803
5.625 0.984809
5.6875 0.98482
5.75 0.984837
5.76562 0.984843
5.84375 0.984854
5.89062 0.98486
5.90625 0.984888
6 0.984906
6.04688 0.984911
6.05469 0.984917
6.08594 0.984923
6.09375 0.984934
6.10938 0.984945
6.125 0.984951
6.1875 0.984968
6.25 0.984974
6.29688 0.98498
6.32812 0.984991
6.375 0.985014
6.5 0.985019
6.53125 0.985025
6.53906 0.985031
6.5625 0.985042
6.57031 0.985048
6.64062 0.985054
6.70312 0.985059
6.75 0.985094
6.78125 0.985099
6.79688 0.985105
6.82812 0.985111
6.875 0.985128
6.89062 0.986483
6.90625 0.986495
7 0.986506
7.02344 0.986518
7.03125 0.986523
7.17188 0.986529
7.21875 0.986535
7.25 0.986546
7.26562 0.986552
7.27344 0.986557
7.3125 0.986574
7.34375 0.986586
7.38281 0.986597
7.42188 0.986603
7.47656 0.98662
7.5 0.986643
7.59375 0.986654
7.70312 0.986666
7.71094 0.986677
7.71875 0.986683
7.75 0.986688
7.80469 0.9867
7.875 0.986717
7.92969 0.986728
8 0.986745
8.01562 0.986751
8.07812 0.986757
8.15625 0.98678
8.20312 0.986791
8.25 0.986808
8.26562 0.986814
8.3125 0.986825
8.32812 0.986836
8.4375 0.986848
8.44531 0.986854
8.53125 0.986859
8.59375 0.986865
8.625 0.986871
8.67188 0.986876
8.75 0.986882
8.83594 0.986893
8.85938 0.986916
8.90625 0.986922
8.9375 0.986933
8.96875 0.986939
9 0.987201
9.03125 0.987207
9.0625 0.987224
9.07031 0.987235
9.17969 0.987241
9.20312 0.987252
9.28906 0.987258
9.34375 0.987264
9.375 0.987281
9.5 0.987292
9.51562 0.987309
9.5625 0.987326
9.57031 0.987332
9.625 0.987338
9.6875 0.987343
9.70312 0.987349
9.74219 0.987361
9.75 0.987366
9.76562 0.987372
9.84375 0.987378
9.91406 0.987645
9.96875 0.987657
10.125 0.987674
10.1953 0.987679
10.4219 0.987691
10.5 0.987719
10.5625 0.987725
10.6484 0.987736
10.6562 0.987742
10.6875 0.987748
10.7188 0.987754
10.75 0.987759
10.7812 0.987765
10.875 0.987771
10.9375 0.987793
10.9688 0.987811
11.0156 0.987816
11.1562 0.987822
11.25 0.987833
11.3438 0.987839
11.375 0.987845
11.3906 0.987856
11.5 0.987862
11.5312 0.988278
11.625 0.988289
11.7188 0.988295
11.75 0.9883
11.7812 0.988306
11.8125 0.988335
11.8672 0.98834
12 0.988357
12.0312 0.988363
12.1094 0.988374
12.2344 0.988391
12.25 0.988397
12.5 0.988665
12.6562 0.988927
12.75 0.988933
12.9375 0.988938
13 0.988944
13.0156 0.98895
13.0625 0.988955
13.0781 0.98936
13.125 0.989388
13.5 0.989411
13.5938 0.989417
13.75 0.989428
13.8125 0.989434
14 0.989445
14.0625 0.989462
14.25 0.989468
14.375 0.989474
14.4375 0.989485
14.5 0.989491
14.5312 0.989497
14.625 0.989502
14.7656 0.989508
14.7812 0.989514
14.8438 0.989525
15 0.989536
15.0312 0.989542
15.0938 0.989548
15.1875 0.990647
15.3125 0.990653
15.375 0.990659
15.4062 0.990664
15.4375 0.990676
15.5 0.990681
15.6094 0.990698
15.75 0.991114
15.8125 0.99112
15.9375 0.991131
16.1719 0.991143
16.1875 0.991148
16.3125 0.99116
16.5 0.991171
16.5312 0.991177
16.625 0.991183
16.7656 0.991188
16.875 0.991211
17 0.991222
17.0625 0.99149
17.1875 0.991912
17.2188 0.991923
17.25 0.991929
17.4375 0.99194
17.5 0.991946
17.5312 0.991952
17.7188 0.991963
17.8125 0.991969
17.875 0.991974
17.9688 0.991986
18 0.992003
18.375 0.992026
18.5625 0.99243
18.6875 0.992447
18.75 0.992453
19 0.992464
19.125 0.992476
19.4062 0.992487
19.6875 0.992567
19.8281 0.992572
20 0.992601
20.125 0.992607
20.1875 0.992612
20.25 0.992624
20.3906 0.992629
20.5 0.992635
20.8281 0.992641
21.25 0.992652
21.6562 0.992658
21.875 0.992664
21.9375 0.992669
21.9688 0.992675
22 0.992681
22.2812 0.992692
22.3125 0.992709
22.5 0.992715
22.5625 0.99272
22.75 0.992726
23.625 0.992732
23.9062 0.992738
24 0.992743
24.375 0.992749
24.4375 0.992755
25 0.992766
25.5 0.992777
25.5312 0.992783
25.875 0.992789
26 0.992857
26.0312 0.992863
26.4375 0.992869
26.5625 0.992874
27 0.992886
27.3125 0.992897
27.5625 0.992903
28 0.994042
28.1875 0.994048
28.5 0.994059
28.875 0.994065
29 0.994076
29.25 0.994088
29.6875 0.994093
30 0.994099
30.8125 0.994105
31.5 0.994116
31.625 0.994127
32.3125 0.994133
32.375 0.994144
32.625 0.99415
33 0.994162
33.3125 0.994167
33.5312 0.994173
33.6875 0.994179
33.7812 0.994184
34 0.994196
34.375 0.994201
34.4375 0.994207
34.5 0.994213
34.9375 0.994219
35.1562 0.99423
35.3438 0.994236
35.4375 0.994646
35.625 0.994651
35.9375 0.995745
36 0.995762
36.7188 0.995779
36.75 0.996036
37 0.996047
37.5 0.996058
37.625 0.996064
37.9688 0.99607
38 0.996081
38.1875 0.996087
38.75 0.996093
38.8125 0.996098
39 0.99611
39.1875 0.996115
39.3125 0.996121
39.375 0.996138
39.8125 0.996144
40 0.996149
40.25 0.996155
40.3125 0.996161
40.5 0.996172
40.6875 0.997266
41.25 0.997283
41.3438 0.997294
41.6875 0.9973
42 0.997311
42.625 0.997317
42.75 0.997323
43 0.997329
44.625 0.997334
45 0.99734
45.375 0.997346
46 0.997351
46.75 0.997363
47.5 0.997368
48 0.997386
48.5625 0.998479
49 0.998485
51.1875 0.998491
52.3125 0.998496
52.5 0.998519
53.8125 0.998536
54 0.998542
54.25 0.998559
54.625 0.998565
55.8125 0.99857
56 0.99873
57 0.998741
58 0.998747
58.5 0.998758
59.0625 0.998764
59.375 0.998827
60.375 0.998838
61.75 0.998844
63 0.998849
64 0.998912
64.6875 0.998918
65.25 0.998923
65.875 0.998929
66.5 0.998935
68.75 0.998946
69.875 0.998952
70 0.998958
70.5 0.998963
72 0.998969
73.625 0.99898
75 0.998992
76.125 0.998997
77.625 0.999003
78.625 0.999009
79.625 0.999015
80 0.99902
80.5 0.999026
81 0.999032
82.25 0.999037
85.25 0.999043
85.5 0.999049
86.25 0.999054
88.8125 0.99906
92 0.999072
93.5 0.999083
95 0.999089
96.25 0.999094
97.75 0.9991
104.5 0.999106
106.875 0.999111
108 0.999117
115 0.999123
116.25 0.999129
118.75 0.999134
120 0.999151
121 0.999157
121.5 0.999163
125 0.999168
127.875 0.999174
128 0.999185
136 0.999197
138 0.999203
142.5 0.999208
144 0.999214
147.25 0.99922
152 0.999231
157.5 0.999237
158.625 0.999242
159.5 0.999248
160 0.99926
161.5 0.999265
164 0.999288
165 0.999294
166.25 0.999299
168 0.999687
168.75 0.999692
172 0.999704
184 0.99971
187 0.999715
188 0.999721
192 0.999732
192.5 0.999738
196 0.999744
204 0.999749
204.25 0.999766
222.75 0.999772
224 0.999778
243.75 0.999784
246.5 0.999789
246.75 0.999795
256.5 0.999801
266 0.999806
270.25 0.999812
279 0.999818
285 0.999823
294.5 0.999829
297 0.999835
297.5 0.999841
300 0.999846
308 0.999852
310 0.999858
312 0.999863
318.5 0.999869
336 0.999875
376 0.99988
448 0.999886
465.5 0.999892
537.5 0.999903
612.5 0.999966
864 0.999972
896 0.999983
1122 0.999989
3024 1
