0 0.0165418
0.0078125 0.0180205
0.015625 0.0250132
0.0234375 0.0279957
0.03125 0.0460413
0.0390625 0.0476453
0.046875 0.0600767
0.0546875 0.0617559
0.0625 0.0753653
0.0703125 0.0784481
0.078125 0.0855911
0.0859375 0.087145
0.09375 0.113411
0.101562 0.11494
0.109375 0.122158
0.117188 0.125291
0.125 0.135292
0.132812 0.136745
0.140625 0.149703
0.148438 0.151407
0.15625 0.165342
0.164062 0.168952
0.171875 0.176045
0.179688 0.177623
0.1875 0.193489
0.195312 0.195118
0.203125 0.209354
0.210938 0.212537
0.21875 0.222938
0.226562 0.224492
0.234375 0.233815
0.242188 0.235394
0.25 0.24542
0.257812 0.248603
0.265625 0.25532
0.273438 0.257149
0.28125 0.272964
0.289062 0.274493
0.296875 0.285371
0.304688 0.288529
0.3125 0.30289
0.320312 0.304293
0.328125 0.317076
0.335938 0.318504
0.34375 0.3367
0.351562 0.343342
0.359375 0.353843
0.367188 0.355297
0.375 0.375072
0.382812 0.376776
0.390625 0.382541
0.398438 0.384095
0.40625 0.392692
0.421875 0.404221
0.429688 0.404296
0.4375 0.416953
0.445312 0.420687
0.453125 0.426126
0.46875 0.436703
0.484375 0.442141
0.492188 0.443896
0.5 0.459911
0.507812 0.459961
0.515625 0.467255
0.53125 0.475726
0.539062 0.47728
0.546875 0.493596
0.5625 0.504098
0.578125 0.513371
0.585938 0.515025
0.59375 0.5249
0.601562 0.525001
0.609375 0.535728
0.625 0.548635
0.632812 0.550239
0.640625 0.555778
0.65625 0.575879
0.664062 0.576029
0.671875 0.581368
0.679688 0.582897
0.6875 0.591594
0.703125 0.603173
0.710938 0.603223
0.71875 0.615479
0.726562 0.617108
0.734375 0.626081
0.742188 0.626156
0.75 0.640292
0.765625 0.653325
0.773438 0.654929
0.78125 0.657986
0.796875 0.659766
0.8125 0.666558
0.820312 0.668162
0.84375 0.673075
0.859375 0.6733
0.867188 0.674829
0.875 0.679967
0.890625 0.682047
0.898438 0.682147
0.90625 0.68518
0.914062 0.686784
0.929688 0.686985
0.9375 0.692223
0.945312 0.692273
0.960938 0.693852
0.96875 0.696935
0.976562 0.69701
0.984375 0.699216
1 0.702273
1.00781 0.703777
1.01562 0.707411
1.03125 0.712449
1.03906 0.712499
1.05469 0.717838
1.0625 0.720895
1.07812 0.722775
1.09375 0.726008
1.10156 0.727462
1.11719 0.727587
1.125 0.736109
1.13281 0.736184
1.14844 0.737963
1.15625 0.740946
1.17188 0.741372
1.1875 0.74443
1.19531 0.74448
1.20312 0.74458
1.21094 0.74473
1.21875 0.752074
1.25 0.755382
1.25781 0.755458
1.26562 0.759894
1.28125 0.762851
1.28906 0.770445
1.3125 0.773904
1.32812 0.774054
1.33594 0.774155
1.34375 0.777212
1.35938 0.777563
1.36719 0.777714
1.375 0.781072
1.40625 0.788842
1.42188 0.789268
1.4375 0.792677
1.44531 0.792777
1.45312 0.793128
1.46875 0.796085
1.47656 0.796311
1.48438 0.796461
1.5 0.800095
1.52344 0.800471
1.53125 0.803604
1.54688 0.804105
1.5625 0.81596
1.58594 0.815985
1.59375 0.816361
1.60156 0.816487
1.61719 0.816562
1.625 0.816637
1.63281 0.820196
1.64062 0.820948
1.67969 0.821048
1.6875 0.821775
1.69531 0.821975
1.71875 0.822126
1.72656 0.825685
1.73438 0.825986
1.75 0.826311
1.75781 0.830447
1.78125 0.830798
1.79688 0.830948
1.80469 0.831073
1.8125 0.831099
1.82812 0.8315
1.83594 0.83165
1.85938 0.831725
1.875 0.832276
1.89062 0.836287
1.89844 0.836462
1.91406 0.836562
1.92188 0.836963
1.92969 0.837039
1.9375 0.837114
1.95312 0.837189
1.96875 0.837665
1.97656 0.83774
2 0.837841
2.01562 0.838141
2.02344 0.838166
2.03125 0.838267
2.03906 0.838317
2.0625 0.838918
2.07812 0.839044
2.10938 0.83942
2.125 0.83947
2.13281 0.839595
2.14844 0.83967
2.15625 0.840146
2.1875 0.840472
2.20312 0.840748
2.22656 0.840773
2.23438 0.840798
2.24219 0.840823
2.25 0.84145
2.26562 0.841525
2.29688 0.841851
2.3125 0.841901
2.32031 0.845585
2.33594 0.845786
2.34375 0.845836
2.35156 0.846011
2.375 0.846086
2.39062 0.846111
2.40625 0.846237
2.42188 0.846262
2.4375 0.854332
2.49219 0.854357
2.5 0.854508
2.51562 0.854758
2.53125 0.854833
2.5625 0.854859
2.57031 0.854909
2.57812 0.855034
2.60156 0.855109
2.625 0.863205
2.65625 0.86333
2.66406 0.86338
2.67969 0.863656
2.6875 0.863731
2.69531 0.863982
2.71875 0.864057
2.73438 0.864107
2.74219 0.864157
2.75 0.864332
2.78906 0.864358
2.8125 0.864533
2.84375 0.864583
2.875 0.864683
2.88281 0.864733
2.89062 0.864784
2.90625 0.864809
2.92188 0.864834
2.9375 0.864959
2.94531 0.865009
2.96875 0.865034
3 0.865761
3.00781 0.865786
3.04688 0.866012
3.05469 0.866037
3.0625 0.869596
3.09375 0.869922
3.11719 0.873932
3.125 0.874032
3.16406 0.874057
3.17188 0.874132
3.17969 0.874283
3.1875 0.877842
3.20312 0.877867
3.23438 0.877892
3.25 0.877992
3.26562 0.881651
3.28125 0.881977
3.35156 0.882027
3.375 0.882228
3.39062 0.882253
3.39844 0.882303
3.4375 0.882503
3.44531 0.882604
3.45312 0.882704
3.5 0.882829
3.51562 0.889947
3.52344 0.889972
3.55469 0.889997
3.5625 0.890148
3.58594 0.893682
3.59375 0.893757
3.60938 0.893832
3.625 0.893857
3.65625 0.894007
3.67188 0.894233
3.69531 0.894258
3.71875 0.894333
3.75 0.894459
3.77344 0.894509
3.78125 0.894534
3.79688 0.894584
3.82812 0.894659
3.84375 0.894759
3.85156 0.894784
3.85938 0.898519
3.86719 0.898544
3.875 0.898594
3.9375 0.89892
3.95312 0.90293
4 0.903055
4.03125 0.903105
4.03906 0.903155
4.0625 0.903206
4.07812 0.903256
4.10156 0.907266
4.11719 0.907291
4.125 0.907366
4.16406 0.907391
4.21094 0.907416
4.21875 0.907692
4.25 0.907792
4.26562 0.911827
4.29688 0.911852
4.3125 0.911903
4.33594 0.911953
4.36719 0.911978
4.375 0.912053
4.38281 0.912078
4.42969 0.912103
4.46875 0.912153
4.49219 0.912228
4.5 0.912304
4.53125 0.912329
4.57031 0.912354
4.59375 0.912429
4.60156 0.912454
4.64062 0.916514
4.67188 0.916539
4.6875 0.920574
4.70312 0.9206
4.75 0.920675
4.75781 0.92075
4.77344 0.92085
4.80469 0.920875
4.8125 0.9209
4.875 0.920925
4.88281 0.920975
4.92188 0.925061
4.97656 0.925086
4.98438 0.925111
5 0.925211
5.03125 0.925236
5.03906 0.925286
5.04688 0.925311
5.0625 0.925336
5.08594 0.928921
5.15625 0.928996
5.21094 0.929046
5.25 0.929146
5.27344 0.929296
5.28125 0.929322
5.3125 0.929422
5.32812 0.929472
5.34375 0.929522
5.39062 0.929773
5.41406 0.929973
5.4375 0.930023
5.46875 0.930048
5.48438 0.934058
5.5 0.934084
5.50781 0.934109
5.57031 0.934134
5.625 0.93446
5.66406 0.93451
5.6875 0.93456
5.74219 0.934585
5.75 0.934635
5.8125 0.93466
5.84375 0.93471
5.85938 0.934735
5.89062 0.934785
5.90625 0.93481
5.9375 0.934886
6.01562 0.934911
6.05469 0.934936
6.09375 0.935036
6.10938 0.935061
6.125 0.935086
6.1875 0.935161
6.23438 0.935236
6.24219 0.935262
6.34375 0.935337
6.375 0.935412
6.38281 0.935462
6.40625 0.935487
6.5 0.935537
6.50781 0.935562
6.53125 0.935612
6.5625 0.935663
6.57031 0.935688
6.64062 0.935713
6.64844 0.935738
6.70312 0.935763
6.75 0.939948
6.79688 0.939973
6.82812 0.940024
6.89062 0.940074
6.90625 0.940099
6.9375 0.940124
6.96094 0.940149
7.03125 0.940199
7.04688 0.940224
7.10938 0.940249
7.17188 0.940274
7.1875 0.940299
7.21875 0.940324
7.27344 0.940349
7.3125 0.9404
7.38281 0.9406
7.42188 0.94065
7.4375 0.940675
7.5 0.940775
7.51562 0.940801
7.54688 0.944334
7.59375 0.944385
7.61719 0.94441
7.6875 0.94446
7.71094 0.94842
7.8125 0.94847
7.875 0.948695
7.90625 0.948746
7.99219 0.948771
8 0.948996
8.00781 0.949021
8.125 0.949046
8.15625 0.949122
8.3125 0.949147
8.42188 0.949197
8.4375 0.949222
8.44531 0.949247
8.5 0.949322
8.53125 0.949372
8.59375 0.949422
8.625 0.949523
8.75 0.949548
8.78906 0.949573
8.80469 0.949598
8.90625 0.949623
9 0.949723
9.0625 0.949773
9.07031 0.949798
9.14062 0.949823
9.1875 0.949848
9.20312 0.949873
9.28125 0.950099
9.375 0.950124
9.49219 0.950149
9.5 0.950199
9.51562 0.950224
9.5625 0.950249
9.60938 0.950274
9.625 0.950325
9.70312 0.950575
9.74219 0.9506
9.75 0.950625
9.96875 0.950701
10 0.950726
10.125 0.950776
10.1562 0.950801
10.1953 0.950851
10.3125 0.950926
10.4062 0.950951
10.4219 0.950976
10.5 0.951051
10.5469 0.951076
10.625 0.951102
10.6484 0.951127
10.7812 0.951177
10.875 0.951277
10.8906 0.951302
10.9375 0.951352
10.9688 0.951452
11.1016 0.951477
11.1562 0.951503
11.3281 0.951528
11.375 0.951553
11.4844 0.951578
11.625 0.951603
11.6875 0.951653
11.7188 0.951678
11.75 0.951703
11.7812 0.951728
11.8125 0.951954
11.875 0.951979
12 0.952029
12.0312 0.952054
12.1406 0.952079
12.2188 0.952104
12.2344 0.952129
12.375 0.952204
12.4688 0.952229
12.5 0.952254
12.5938 0.95228
12.6562 0.959824
13 0.959849
13.0625 0.959874
13.125 0.959949
13.1406 0.959999
13.3594 0.960024
13.4062 0.960049
13.4531 0.960074
13.5 0.963708
13.5625 0.963784
13.8125 0.963834
13.875 0.963859
14 0.963934
14.0469 0.963959
14.375 0.964009
14.4375 0.964034
14.7656 0.964059
14.7812 0.964084
14.8438 0.964134
15 0.964185
15.125 0.96421
15.1875 0.96426
15.4062 0.96431
15.4688 0.964335
15.5 0.96436
15.625 0.96446
15.75 0.964485
15.8125 0.964535
16 0.968044
16.0156 0.968069
16.1562 0.968094
16.25 0.96812
16.4062 0.968145
16.5 0.96827
16.5312 0.968295
16.7969 0.96832
16.875 0.968395
16.9531 0.96842
17 0.96847
17.0625 0.968495
17.1875 0.972105
17.2188 0.97213
17.5 0.972155
17.5312 0.97218
17.7188 0.972205
17.8125 0.97223
17.875 0.97228
17.9688 0.972481
18 0.972506
18.375 0.972531
18.5625 0.972606
18.75 0.972681
19 0.972756
19.0312 0.972781
19.25 0.972831
19.375 0.972856
19.5 0.972882
19.9062 0.972907
19.9375 0.972932
20 0.972957
20.1562 0.972982
20.25 0.973007
20.3125 0.973082
20.625 0.973132
20.8125 0.973182
21 0.973333
21.125 0.973358
21.3125 0.973408
21.5625 0.973458
21.7812 0.973483
21.875 0.973558
21.9375 0.973633
21.9688 0.973658
22 0.973684
22.3125 0.973709
22.5 0.973809
22.6562 0.977343
22.7812 0.977368
23 0.977418
23.25 0.977443
23.4375 0.977644
23.5625 0.977669
23.625 0.977694
24 0.977744
24.0625 0.977769
24.1875 0.977794
24.375 0.977819
24.75 0.977944
24.9375 0.977969
24.9688 0.977994
25 0.978019
25.1562 0.978045
25.375 0.97807
25.5 0.97812
25.5938 0.978145
25.875 0.978195
26 0.97822
26.0312 0.978245
26.125 0.97827
26.2812 0.978295
26.5625 0.97832
26.875 0.978345
27 0.97837
27.125 0.978395
27.1875 0.978421
27.3125 0.978446
27.3438 0.982656
27.5 0.982681
27.5625 0.982807
28 0.982882
29 0.982907
29.0625 0.982932
29.25 0.982957
29.5312 0.982982
29.75 0.983007
29.9062 0.983032
30 0.983057
30.1875 0.983082
30.625 0.983107
30.875 0.983132
31 0.983157
31.25 0.983183
31.5 0.983258
31.6875 0.983283
31.7188 0.983308
32 0.983408
32.0312 0.983433
32.8125 0.983458
33.25 0.983483
33.3125 0.983533
34 0.983609
34.125 0.983634
34.375 0.983659
34.9375 0.983684
35.2188 0.983709
35.625 0.983734
35.8438 0.983759
35.9375 0.983809
36 0.983934
36.25 0.983959
36.5625 0.983985
36.75 0.98401
36.8125 0.984035
37 0.98406
37.125 0.984085
37.5 0.984235
37.9688 0.98431
38 0.984335
38.5 0.984361
38.75 0.984386
39 0.984436
41.25 0.984486
41.6562 0.984511
41.6875 0.984561
42 0.984661
43.3125 0.988646
43.5 0.988671
44 0.988747
44.625 0.988772
45 0.988797
45.5 0.988822
46 0.988847
47.25 0.988872
47.4688 0.988897
48 0.988972
48.5625 0.992506
48.75 0.992531
49.5 0.992581
49.875 0.992631
50.625 0.992656
52.5 0.992682
53.625 0.992707
53.8125 0.992907
54 0.992957
57.5 0.992982
58.125 0.993007
58.5 0.993032
61.625 0.993057
61.75 0.993083
61.875 0.993108
62.5 0.993133
63 0.993158
63.75 0.993183
64 0.993308
64.0625 0.993383
65.8125 0.993408
68 0.993584
69 0.993609
69.1875 0.993634
70 0.993684
71.5 0.993709
72 0.997494
74.25 0.997519
76 0.997569
76.5 0.997594
79.4375 0.997644
80 0.997669
82.25 0.997694
82.5 0.997719
84 0.997744
85.1875 0.997769
86 0.997794
90 0.997819
90.25 0.997845
93.5 0.99787
93.75 0.997895
94.25 0.99792
94.9375 0.997945
95 0.99797
96 0.99802
97.75 0.998045
97.875 0.99807
99.75 0.998095
102 0.99812
103.5 0.998145
104 0.99817
108 0.998195
109.25 0.998221
109.375 0.998246
110.25 0.998271
112.375 0.998296
117 0.998321
119 0.998346
120 0.998371
124 0.998396
127.5 0.998421
127.875 0.998446
128.25 0.998471
129 0.998496
130 0.998521
132 0.998546
133 0.998571
133.25 0.998596
137.5 0.998622
139.5 0.998672
140.625 0.998697
144 0.998822
147.25 0.998847
156 0.998872
160 0.998922
161.5 0.998947
164 0.998972
172 0.999023
172.5 0.999048
175 0.999073
184 0.999123
190 0.999148
206.25 0.999173
208.25 0.999198
236.5 0.999223
243 0.999248
247.5 0.999273
263.5 0.999298
288 0.999348
303.75 0.999373
312 0.999398
332.5 0.999424
350 0.999599
365.5 0.999624
376 0.999649
392 0.999674
446.5 0.999699
456 0.999724
512.5 0.999774
528 0.999799
640 0.999825
782 0.99985
864 0.999875
1122 0.9999
1408 0.999925
2368 0.99995
3024 1
