0 0.0190271
0.0078125 0.0205293
0.015625 0.0278146
0.0234375 0.0307438
0.03125 0.0494455
0.0390625 0.0541021
0.046875 0.065268
0.0546875 0.0668953
0.0625 0.0796886
0.0703125 0.0823924
0.078125 0.0935583
0.0859375 0.0951105
0.09375 0.114588
0.101562 0.116366
0.109375 0.123776
0.117188 0.12643
0.125 0.137045
0.132812 0.138522
0.140625 0.15104
0.148438 0.152492
0.15625 0.170017
0.164062 0.172721
0.171875 0.191398
0.179688 0.192875
0.1875 0.204617
0.195312 0.209173
0.203125 0.219438
0.210938 0.222417
0.21875 0.233132
0.226562 0.234559
0.234375 0.247853
0.242188 0.24943
0.25 0.268357
0.257812 0.271161
0.265625 0.278071
0.273438 0.279749
0.28125 0.291215
0.289062 0.292617
0.296875 0.303683
0.304688 0.306412
0.3125 0.316626
0.320312 0.318053
0.328125 0.332549
0.335938 0.334001
0.34375 0.348647
0.351562 0.351326
0.359375 0.358311
0.367188 0.359713
0.375 0.371429
0.382812 0.373057
0.390625 0.378815
0.398438 0.379966
0.40625 0.388504
0.421875 0.395764
0.429688 0.395964
0.4375 0.412162
0.445312 0.413289
0.453125 0.418622
0.46875 0.434895
0.484375 0.440227
0.492188 0.441504
0.5 0.450417
0.507812 0.450492
0.515625 0.457277
0.53125 0.465639
0.539062 0.466865
0.546875 0.472874
0.5625 0.483514
0.578125 0.499061
0.585938 0.502341
0.59375 0.510853
0.601562 0.510978
0.609375 0.525148
0.625 0.533811
0.632812 0.535087
0.640625 0.540395
0.65625 0.55116
0.664062 0.551261
0.671875 0.564329
0.679688 0.565506
0.6875 0.574268
0.703125 0.581904
0.710938 0.585359
0.71875 0.59675
0.726562 0.597927
0.734375 0.606164
0.742188 0.606289
0.75 0.616829
0.765625 0.626918
0.773438 0.628145
0.78125 0.633553
0.796875 0.63503
0.8125 0.642841
0.820312 0.644043
0.84375 0.648825
0.859375 0.652154
0.867188 0.653256
0.875 0.656561
0.890625 0.658038
0.898438 0.658163
0.90625 0.661242
0.914062 0.662544
0.929688 0.662669
0.9375 0.667576
0.945312 0.667676
0.960938 0.668853
0.96875 0.671958
0.976562 0.672083
0.984375 0.67381
1 0.676965
1.00781 0.678166
1.01562 0.682673
1.03125 0.687655
1.03906 0.687705
1.05469 0.689432
1.0625 0.692762
1.07812 0.696042
1.09375 0.699672
1.10156 0.700799
1.11719 0.700899
1.125 0.713342
1.13281 0.713517
1.14844 0.714744
1.15625 0.717823
1.17188 0.718249
1.1875 0.721328
1.19531 0.721353
1.20312 0.721804
1.21094 0.721954
1.21875 0.728388
1.25 0.731743
1.25781 0.731793
1.26562 0.732369
1.28125 0.735348
1.28906 0.735523
1.3125 0.74366
1.32812 0.743735
1.33594 0.74376
1.34375 0.746789
1.35938 0.747215
1.36719 0.747465
1.375 0.750795
1.40625 0.75823
1.42188 0.766968
1.4375 0.771499
1.44531 0.77165
1.45312 0.771925
1.46094 0.77195
1.46875 0.774979
1.47656 0.775405
1.48438 0.77553
1.5 0.779235
1.52344 0.779361
1.53125 0.78239
1.54688 0.782916
1.5625 0.783166
1.58594 0.783341
1.59375 0.783892
1.60156 0.783942
1.61719 0.783992
1.625 0.784092
1.63281 0.784218
1.64062 0.784944
1.67969 0.7894
1.6875 0.790051
1.69531 0.790176
1.71875 0.790552
1.72656 0.790577
1.73438 0.790877
1.75 0.791253
1.75781 0.795759
1.78125 0.796285
1.79688 0.796535
1.80469 0.797261
1.8125 0.797311
1.82812 0.797712
1.83594 0.797812
1.85938 0.797837
1.875 0.798763
1.89062 0.798838
1.91406 0.798964
1.92188 0.799339
1.92969 0.799715
1.9375 0.79984
1.95312 0.799865
1.96875 0.800466
1.97656 0.800716
2 0.800816
2.01562 0.801142
2.02344 0.801217
2.03125 0.801267
2.03906 0.801342
2.0625 0.804997
2.10938 0.805323
2.125 0.805423
2.13281 0.805698
2.14844 0.805848
2.15625 0.806349
2.17969 0.806474
2.1875 0.811106
2.20312 0.811306
2.23438 0.811431
2.24219 0.811456
2.25 0.812032
2.26562 0.812132
2.29688 0.812433
2.3125 0.812508
2.32031 0.812683
2.34375 0.812708
2.35156 0.812758
2.375 0.812858
2.40625 0.813034
2.42188 0.813184
2.4375 0.813459
2.46094 0.813609
2.49219 0.813735
2.5 0.818216
2.53125 0.818767
2.5625 0.818842
2.57031 0.818942
2.57812 0.819142
2.60156 0.819217
2.625 0.822772
2.65625 0.822823
2.66406 0.823048
2.67188 0.823098
2.67969 0.823123
2.6875 0.823473
2.69531 0.823849
2.71875 0.824149
2.73438 0.824199
2.74219 0.8243
2.75 0.824825
2.8125 0.825151
2.83594 0.825351
2.84375 0.825376
2.875 0.825526
2.88281 0.825777
2.89062 0.825827
2.90625 0.825952
2.92188 0.826077
2.9375 0.826127
2.94531 0.826177
2.95312 0.826277
2.96875 0.826328
3 0.826728
3.00781 0.826853
3.02344 0.827204
3.04688 0.827329
3.0625 0.827404
3.09375 0.82773
3.125 0.82793
3.14844 0.828055
3.16406 0.831109
3.17188 0.831159
3.17969 0.83126
3.1875 0.83161
3.20312 0.83166
3.23438 0.831685
3.25 0.834765
3.26562 0.83494
3.28125 0.835165
3.30469 0.83519
3.35156 0.83534
3.35938 0.83539
3.375 0.839997
3.39062 0.840047
3.41406 0.840072
3.4375 0.840222
3.45312 0.840297
3.46875 0.840373
3.51562 0.840448
3.52344 0.844929
3.55469 0.845004
3.5625 0.845179
3.59375 0.845229
3.60938 0.84563
3.625 0.84568
3.63281 0.84573
3.65625 0.846331
3.67188 0.846481
3.69531 0.846606
3.71094 0.846631
3.71875 0.846656
3.75 0.846932
3.75781 0.847032
3.77344 0.850061
3.78125 0.850161
3.79688 0.850237
3.82812 0.850637
3.84375 0.850812
3.85938 0.850862
3.86719 0.855269
3.875 0.855394
3.90625 0.855419
3.9375 0.855769
3.95312 0.860201
3.96094 0.860551
4 0.860601
4.00781 0.860626
4.03125 0.860727
4.03906 0.860877
4.04688 0.860927
4.07812 0.860952
4.10156 0.861002
4.11719 0.861077
4.125 0.861453
4.15625 0.861478
4.21094 0.861553
4.21875 0.866034
4.25 0.866109
4.26562 0.869139
4.30469 0.869214
4.3125 0.869414
4.35938 0.869539
4.375 0.869564
4.38281 0.869589
4.40625 0.869689
4.42969 0.872769
4.45312 0.872819
4.46875 0.872844
4.5 0.873094
4.53125 0.873144
4.57031 0.873219
4.59375 0.873395
4.60156 0.87347
4.64062 0.873495
4.67188 0.873545
4.6875 0.873645
4.70312 0.878001
4.75 0.878026
4.78125 0.878101
4.80469 0.882458
4.8125 0.882508
4.84375 0.882608
4.875 0.882658
4.92188 0.882808
4.97656 0.882833
4.98438 0.882883
5 0.882958
5.03125 0.882983
5.03906 0.885988
5.04688 0.886013
5.0625 0.890719
5.08594 0.890819
5.14062 0.890844
5.15625 0.890895
5.17969 0.89092
5.21094 0.89097
5.25 0.891095
5.27344 0.891345
5.3125 0.89137
5.32812 0.891495
5.35938 0.891871
5.39062 0.892297
5.4375 0.892347
5.46875 0.892747
5.48438 0.892822
5.5 0.892872
5.57031 0.892947
5.57812 0.892998
5.625 0.893073
5.64062 0.893098
5.66406 0.893123
5.74219 0.896227
5.75 0.896252
5.76562 0.896277
5.78906 0.896302
5.8125 0.896427
5.85938 0.896452
5.875 0.896477
5.89062 0.896503
5.90625 0.899932
5.9375 0.899957
5.97656 0.899982
6 0.900033
6.04688 0.900058
6.05469 0.900083
6.07031 0.904414
6.09375 0.904464
6.10938 0.904514
6.11719 0.904564
6.1875 0.904889
6.23438 0.904965
6.24219 0.90499
6.25 0.905015
6.29688 0.90504
6.34375 0.90509
6.375 0.905165
6.38281 0.90519
6.46875 0.905215
6.5 0.905265
6.53125 0.905365
6.53906 0.909771
6.5625 0.909897
6.57031 0.909972
6.64844 0.909997
6.70312 0.910047
6.71875 0.910097
6.75 0.910698
6.78125 0.910773
6.79688 0.910823
6.90625 0.910873
6.97656 0.910898
7 0.910923
7.02344 0.911023
7.03125 0.911098
7.125 0.911173
7.17188 0.911198
7.1875 0.911249
7.25 0.911299
7.26562 0.911324
7.27344 0.911349
7.38281 0.914403
7.42188 0.914428
7.4375 0.914453
7.47656 0.914478
7.5 0.914578
7.50781 0.914628
7.5625 0.914653
7.59375 0.914678
7.70312 0.914703
7.71094 0.91906
7.71875 0.919085
7.72656 0.91911
7.75 0.919285
7.875 0.91941
7.90625 0.919435
7.92188 0.91946
7.92969 0.919535
7.96875 0.91956
7.99219 0.919686
8 0.919711
8.03906 0.919786
8.0625 0.919836
8.125 0.919861
8.15625 0.919961
8.20312 0.920036
8.22656 0.920061
8.23438 0.920111
8.3125 0.920136
8.32812 0.920161
8.38281 0.920186
8.4375 0.923291
8.47656 0.923316
8.59375 0.923366
8.60938 0.923391
8.625 0.923591
8.71875 0.923641
8.75 0.923716
8.78906 0.923741
8.80469 0.923766
8.85938 0.923816
8.90625 0.923841
8.96094 0.923892
9 0.923942
9.0625 0.924017
9.07031 0.928373
9.1875 0.928949
9.20312 0.929049
9.28906 0.929124
9.29688 0.929149
9.34375 0.929174
9.375 0.929274
9.44531 0.929349
9.51562 0.929374
9.625 0.929399
9.6875 0.929449
9.70312 0.929575
9.75 0.9296
9.82812 0.929675
9.84375 0.9297
10.0625 0.929775
10.125 0.9299
10.1562 0.929925
10.1719 0.929975
10.1953 0.93
10.3125 0.930025
10.3906 0.93005
10.4141 0.930176
10.4219 0.930201
10.5 0.930576
10.5469 0.933605
10.6562 0.933655
10.6875 0.933706
10.7812 0.933756
10.875 0.933781
10.8906 0.933806
10.8984 0.933831
10.9688 0.933856
11.1406 0.933981
11.25 0.934006
11.3438 0.934031
11.375 0.934056
11.3828 0.934106
11.3906 0.934131
11.4844 0.934156
11.5 0.934331
11.625 0.934381
11.6875 0.934432
11.7188 0.938838
11.75 0.938863
11.8125 0.938988
11.8672 0.939063
11.875 0.939113
11.9531 0.939138
12 0.939213
12.1875 0.939238
12.25 0.939314
12.375 0.939339
12.5 0.942443
12.6562 0.945472
12.75 0.945497
12.7969 0.945522
12.8125 0.945572
12.8906 0.945597
12.9375 0.945798
13 0.945848
13.0625 0.945873
13.0781 0.945948
13.125 0.950379
13.1406 0.950404
13.2812 0.950429
13.4062 0.950454
13.5 0.95053
13.6562 0.950555
13.6719 0.95058
13.8125 0.950605
14 0.95063
14.0625 0.95068
14.25 0.95073
14.3438 0.950755
14.375 0.950855
14.4375 0.95093
14.4531 0.950955
14.5312 0.95098
14.6875 0.95103
14.7656 0.954034
14.8438 0.954085
14.875 0.95411
15 0.954185
15.0312 0.95421
15.0938 0.954235
15.125 0.954285
15.1875 0.95431
15.375 0.95436
15.4375 0.95441
15.4688 0.954435
15.5 0.954535
15.625 0.95456
15.75 0.95461
15.8125 0.954685
15.8438 0.95471
15.9844 0.954735
16 0.955086
16.0312 0.959417
16.25 0.959467
16.4062 0.959492
16.4688 0.959517
16.5 0.959542
16.625 0.959592
16.875 0.959617
17.0625 0.959718
17.1875 0.962797
17.2188 0.962822
17.25 0.962922
17.4375 0.963173
17.5 0.963298
17.7188 0.963323
17.8125 0.963348
17.875 0.963398
17.9375 0.963423
17.9688 0.963448
18 0.963548
18.1406 0.963573
18.2812 0.963598
18.375 0.963698
18.5625 0.963723
18.6875 0.963798
18.75 0.96813
19 0.96823
19.0312 0.968255
19.125 0.96828
19.25 0.96833
19.4062 0.968405
19.5 0.96843
19.6562 0.96848
19.6875 0.96858
19.9375 0.968605
20 0.96863
20.125 0.96873
20.1875 0.968781
20.3125 0.968856
20.3906 0.968881
20.625 0.968906
20.8125 0.968956
20.8438 0.968981
21 0.972135
21.3125 0.97216
21.5625 0.97221
21.6562 0.972235
21.7812 0.97226
21.875 0.972361
22 0.972386
22.3125 0.972461
22.5 0.972536
22.6562 0.972586
23 0.972661
23.0625 0.972686
23.375 0.972711
23.4375 0.972761
23.5625 0.972811
23.625 0.977243
23.75 0.977368
24.4375 0.977468
24.75 0.977543
24.9375 0.977618
25 0.977693
25.875 0.977768
26 0.977818
26.125 0.977868
26.25 0.977944
27 0.978019
27.125 0.978044
27.3125 0.978119
27.5625 0.978219
28 0.981148
28.125 0.981173
28.5 0.981198
28.75 0.981273
28.875 0.981323
29.6875 0.981373
30.1875 0.981524
30.375 0.981549
30.4688 0.981574
30.875 0.981599
31 0.981649
31.5 0.981799
31.625 0.981924
31.6875 0.981949
32 0.981999
32.0625 0.982024
32.5 0.982049
32.8125 0.985329
33 0.985379
33.0625 0.985429
33.6875 0.985454
34 0.985479
34.125 0.985604
34.375 0.98563
34.5 0.98573
35 0.985755
35.2188 0.98578
35.4375 0.985855
35.625 0.98588
35.75 0.985905
35.9375 0.98598
36 0.986105
36.2812 0.98613
36.5625 0.986155
36.75 0.986205
37.125 0.98623
37.1562 0.986255
37.1875 0.98628
37.375 0.986356
37.5 0.986706
38 0.986731
38.0625 0.986781
38.25 0.986806
38.5 0.986831
38.8125 0.986881
39 0.987132
39.375 0.987182
39.6562 0.987232
39.7188 0.987257
39.8125 0.987282
40 0.987307
40.25 0.987382
40.375 0.987432
40.6875 0.987582
40.7812 0.987607
41.4375 0.987632
41.5625 0.987657
41.6875 0.987733
42 0.987808
42.75 0.987833
43.3125 0.987908
43.5 0.987933
44 0.987958
44.5625 0.988033
44.625 0.988108
45 0.988133
45.125 0.988158
45.9375 0.988183
46 0.988233
46.25 0.988258
46.3125 0.988308
46.5 0.988333
46.875 0.988383
47.125 0.988408
47.25 0.988534
47.4375 0.988584
47.5 0.988634
48 0.988709
48.5625 0.988759
48.6875 0.988784
48.75 0.988809
48.875 0.988909
49.5 0.988934
49.875 0.989335
51 0.98936
51.1875 0.989485
51.75 0.989535
52 0.98956
52.3125 0.989585
52.5 0.989685
53.1875 0.98976
53.4375 0.989785
53.8125 0.989836
54.625 0.989936
55.125 0.989961
55.8125 0.989986
56 0.990036
56.0625 0.990086
56.4375 0.990136
56.875 0.990161
57 0.990186
57.5 0.990211
57.75 0.990261
58 0.990286
58.1875 0.990311
58.9375 0.990386
59.0625 0.990411
59.375 0.990436
60 0.990461
60.375 0.990511
60.75 0.990537
60.9375 0.990562
61.25 0.990587
61.6875 0.990662
61.8125 0.990737
62 0.990812
63 0.990862
63.25 0.990937
64 0.990962
64.3125 0.991037
64.6875 0.991137
66.125 0.991212
66.5 0.991313
67.5 0.991338
67.5625 0.991413
68 0.991463
69 0.991538
70.4375 0.991613
72 0.991638
75.25 0.991663
77 0.991688
77.5 0.991763
77.9375 0.991788
78 0.991838
81.25 0.991863
82.875 0.991888
83.375 0.991913
84 0.992014
85.5 0.992039
89.125 0.992064
92 0.992089
93 0.992114
94 0.992364
95.625 0.992389
96.875 0.992414
98 0.992439
99 0.992464
100 0.992489
100.75 0.992514
103.5 0.992539
104.125 0.992564
104.5 0.992589
108.5 0.99264
112.75 0.992665
124 0.99269
127.875 0.992715
129 0.99274
132 0.99279
135.125 0.992815
136 0.99284
138 0.992865
139.5 0.99289
141.75 0.992915
144 0.99294
144.5 0.992965
152 0.99304
152.25 0.993065
155 0.99309
156 0.993115
157.25 0.993165
161 0.99319
168 0.997471
170 0.997496
170.5 0.997521
171 0.997547
172 0.997597
172.5 0.997622
176 0.997647
178.5 0.997672
180 0.997697
181.25 0.997722
184 0.997772
186 0.997797
187 0.997822
192 0.997872
193.75 0.997897
194.75 0.997922
195 0.997947
198 0.997972
201.5 0.998022
217 0.998122
232.5 0.998147
232.75 0.998172
248 0.998197
261 0.998222
279 0.998273
280 0.998298
280.5 0.998323
289 0.998348
296 0.998373
300 0.998623
304 0.998648
305.5 0.998673
312.5 0.998723
317.25 0.998748
320 0.998773
323 0.998798
325.5 0.998823
341 0.998898
345 0.998949
348.5 0.998974
356.5 0.998999
372 0.999049
387.5 0.999124
418.5 0.999199
448 0.999249
449.5 0.999299
465 0.999374
480.5 0.999424
511.5 0.999449
527 0.999474
558 0.999499
573.5 0.999524
604.5 0.999599
620 0.999624
635.5 0.99965
651 0.999725
666.5 0.999775
682 0.999825
697.5 0.99985
720 0.9999
728.5 0.999925
864 0.99995
986 0.999975
1666 1
