0 0.0515559
0.0078125 0.0543551
0.015625 0.0752536
0.0234375 0.0806987
0.03125 0.11868
0.0390625 0.122937
0.046875 0.149012
0.0546875 0.152252
0.0625 0.184366
0.0703125 0.189946
0.078125 0.209943
0.0859375 0.212896
0.09375 0.263627
0.101562 0.269993
0.109375 0.288897
0.117188 0.298675
0.125 0.333186
0.132812 0.335851
0.140625 0.357728
0.148438 0.360795
0.15625 0.394099
0.164062 0.39732
0.171875 0.419081
0.179688 0.419119
0.1875 0.45271
0.195312 0.452806
0.203125 0.476216
0.210938 0.478919
0.21875 0.514025
0.226562 0.514044
0.234375 0.542746
0.25 0.577583
0.257812 0.580286
0.265625 0.600322
0.273438 0.601568
0.28125 0.63376
0.296875 0.646912
0.304688 0.650766
0.3125 0.666219
0.328125 0.671894
0.34375 0.686984
0.351562 0.690876
0.359375 0.690895
0.375 0.709243
0.382812 0.709358
0.390625 0.7107
0.398438 0.71327
0.40625 0.728723
0.421875 0.732001
0.429688 0.732212
0.4375 0.74757
0.445312 0.75173
0.453125 0.751865
0.46875 0.76958
0.484375 0.769599
0.492188 0.769945
0.5 0.78488
0.507812 0.785053
0.515625 0.785724
0.53125 0.800698
0.539062 0.800717
0.546875 0.804034
0.5625 0.823015
0.585938 0.823399
0.59375 0.838986
0.601562 0.839159
0.609375 0.840539
0.625 0.841134
0.632812 0.841172
0.65625 0.842092
0.664062 0.842399
0.679688 0.842514
0.6875 0.842725
0.703125 0.847863
0.710938 0.850049
0.71875 0.850087
0.742188 0.852522
0.75 0.856165
0.765625 0.856683
0.773438 0.858753
0.78125 0.859616
0.796875 0.860249
0.8125 0.864083
0.820312 0.864908
0.84375 0.865962
0.859375 0.869567
0.875 0.869854
0.890625 0.870506
0.90625 0.870583
0.914062 0.870641
0.929688 0.870736
0.9375 0.873095
0.945312 0.875357
0.96875 0.875395
0.984375 0.878981
1 0.879134
1.01562 0.883525
1.03125 0.885691
1.03906 0.885768
1.05469 0.886132
1.0625 0.886324
1.07812 0.886382
1.09375 0.886497
1.11719 0.890868
1.125 0.891922
1.13281 0.89198
1.17188 0.892804
1.1875 0.892977
1.19531 0.893034
1.20312 0.896083
1.21875 0.898384
1.25 0.898518
1.26562 0.898652
1.28906 0.899438
1.3125 0.901528
1.32031 0.903771
1.32812 0.903848
1.33594 0.903944
1.35938 0.904001
1.36719 0.904212
1.375 0.90427
1.40625 0.904519
1.42188 0.904787
1.45312 0.904807
1.46094 0.904941
1.47656 0.904979
1.48438 0.905094
1.5 0.907127
1.52344 0.913377
1.54688 0.913511
1.5625 0.917806
1.58594 0.917883
1.59375 0.917998
1.625 0.918132
1.63281 0.919301
1.64062 0.919321
1.6875 0.923845
1.69531 0.923864
1.71875 0.923884
1.72656 0.923941
1.75 0.924018
1.75781 0.924075
1.78125 0.924133
1.79688 0.924152
1.80469 0.92745
1.8125 0.927507
1.82812 0.927584
1.85938 0.927622
1.875 0.927699
1.89844 0.927718
1.95312 0.927776
1.96875 0.93115
1.99219 0.933432
2 0.933489
2.03125 0.933528
2.03906 0.933585
2.0625 0.933643
2.07812 0.933662
2.10938 0.933911
2.125 0.93393
2.13281 0.934007
2.14844 0.934026
2.15625 0.934084
2.17969 0.934103
2.1875 0.934256
2.22656 0.934295
2.25 0.93441
2.26562 0.934429
2.29688 0.935541
2.34375 0.935579
2.375 0.935617
2.39062 0.935656
2.4375 0.936729
2.46094 0.938666
2.49219 0.938704
2.5 0.9388
2.53125 0.944974
2.53906 0.944993
2.625 0.948808
2.64062 0.948866
2.65625 0.948904
2.69531 0.948923
2.71875 0.948981
2.74219 0.949058
2.75 0.949096
2.78906 0.949115
2.8125 0.95178
2.82031 0.951799
2.84375 0.951838
2.875 0.951895
2.90625 0.951914
2.92188 0.951953
2.95312 0.955979
3 0.956094
3.04688 0.956113
3.09375 0.956152
3.125 0.956267
3.17188 0.956286
3.1875 0.956324
3.23438 0.956343
3.25 0.956363
3.28125 0.956439
3.375 0.957283
3.39062 0.957321
3.39844 0.95736
3.4375 0.957475
3.5 0.957551
3.51562 0.95757
3.59375 0.95759
3.625 0.957609
3.65625 0.95991
3.71875 0.959967
3.75 0.960044
3.79688 0.960082
3.85938 0.960101
3.875 0.96014
3.90625 0.960197
3.9375 0.960312
3.98438 0.960331
4 0.962364
4.00781 0.964664
4.0625 0.964722
4.07812 0.96476
4.125 0.964818
4.15625 0.964837
4.21875 0.964894
4.29688 0.964914
4.30469 0.964952
4.3125 0.964971
4.45312 0.96499
4.46875 0.965009
4.5 0.965355
4.51562 0.965374
4.60156 0.965393
4.67188 0.965412
4.6875 0.967732
4.75 0.967809
4.78125 0.968882
4.8125 0.968921
4.84375 0.96894
4.92188 0.968959
5 0.969017
5.03125 0.969036
5.04688 0.969074
5.0625 0.973235
5.07812 0.973254
5.15625 0.973273
5.25 0.973311
5.3125 0.97335
5.32812 0.973369
5.34375 0.973407
5.4375 0.973426
5.46875 0.973446
5.48438 0.974519
5.5 0.974596
5.57812 0.974634
5.625 0.974673
5.6875 0.974711
5.75 0.97473
5.8125 0.974749
5.84375 0.974788
5.90625 0.975555
5.9375 0.975612
6 0.97565
6.09375 0.97567
6.10938 0.975689
6.125 0.975708
6.1875 0.975785
6.23438 0.975804
6.25 0.975976
6.32812 0.976034
6.375 0.976053
6.46875 0.976072
6.5 0.97613
6.53125 0.976168
6.5625 0.976245
6.75 0.976437
6.79688 0.976456
6.82812 0.976475
6.875 0.976494
7 0.976532
7.03125 0.976552
7.125 0.97659
7.17188 0.97728
7.25 0.977299
7.3125 0.977338
7.42188 0.977357
7.4375 0.977395
7.5 0.977434
7.5625 0.977472
7.59375 0.977491
7.75 0.97751
7.8125 0.977587
7.875 0.979907
7.96875 0.979945
8 0.980022
8.125 0.980099
8.15625 0.980137
8.25 0.980156
8.3125 0.980175
8.4375 0.980252
8.5 0.98029
8.60938 0.980309
8.625 0.980329
8.75 0.980348
8.9375 0.980386
9 0.980693
9.20312 0.980731
9.28125 0.98077
9.34375 0.980808
9.375 0.981537
9.5 0.981556
9.5625 0.981632
9.625 0.981671
9.75 0.981709
9.84375 0.981747
10 0.981786
10.0938 0.981824
10.1562 0.982898
10.5 0.982955
10.5625 0.982974
10.9375 0.983013
10.9688 0.98307
11 0.98309
11.25 0.983128
11.375 0.983166
11.7188 0.983185
11.8125 0.983205
11.875 0.983224
12 0.983607
12.1875 0.983626
12.2188 0.983646
12.25 0.983665
12.5 0.983914
12.6562 0.983952
13 0.98424
13.0625 0.984278
13.125 0.984336
13.5 0.984393
13.5938 0.984432
13.6562 0.98447
13.75 0.984508
13.8125 0.984527
14 0.984585
14.0625 0.986752
14.25 0.986828
14.375 0.986847
14.4375 0.987921
14.5 0.98794
14.875 0.987979
15 0.988036
15.4062 0.988055
15.5 0.988074
15.75 0.990068
15.9375 0.990088
16 0.99235
16.3125 0.992369
16.5 0.992388
16.625 0.992446
16.875 0.992465
17 0.992503
17.0625 0.993558
17.4375 0.993596
17.5 0.993615
17.875 0.993635
18 0.993692
18.4062 0.993711
18.75 0.99375
19.125 0.993769
19.25 0.993788
19.375 0.993807
20 0.993846
21.875 0.993884
22.3125 0.996798
22.5 0.996817
23.4375 0.996856
23.625 0.996894
23.75 0.996932
24 0.996952
24.5 0.99699
25 0.997028
25.375 0.997086
27 0.997143
27.5 0.997162
28 0.99745
28.5 0.997488
28.6875 0.997508
29 0.997546
29.6875 0.997565
31 0.997603
31.5 0.997623
32 0.997699
32.625 0.997738
33 0.997757
33.25 0.997795
34 0.997814
34.4375 0.997833
34.875 0.997853
35 0.997872
35.75 0.99791
36 0.998006
36.25 0.998025
37.5 0.998044
38 0.998064
40 0.99814
40.375 0.998159
40.5 0.998198
41.25 0.998217
42.75 0.998236
44 0.998888
46.5 0.998907
47.5 0.998926
48 0.998984
49 0.999003
51 0.999022
51.75 0.999061
52 0.999099
54.25 0.999118
55 0.999137
56 0.999233
57 0.999252
60 0.999271
60.75 0.999291
62 0.99931
63.75 0.999329
66.5 0.999348
67.5 0.999406
68 0.999425
70 0.999444
71.5 0.999463
72 0.999502
75 0.999521
76 0.999597
76.5 0.999617
80.5 0.999636
82.5 0.999655
89.25 0.999674
94.5 0.999693
104 0.999712
108 0.999732
112 0.999751
114 0.99977
120 0.999789
126 0.999808
133 0.999827
136 0.999847
152 0.999866
196 0.999885
200 0.999923
408 0.999942
476 0.999962
832 1
