0 0.0449325
0.0078125 0.0473711
0.015625 0.0623486
0.0234375 0.067819
0.03125 0.09522
0.0390625 0.0979223
0.046875 0.117349
0.0546875 0.119935
0.0625 0.1491
0.0703125 0.153878
0.078125 0.170272
0.0859375 0.174375
0.09375 0.211415
0.101562 0.217001
0.109375 0.235719
0.117188 0.242326
0.125 0.276136
0.132812 0.28047
0.140625 0.303834
0.148438 0.306454
0.15625 0.333163
0.164062 0.335964
0.171875 0.350925
0.1875 0.38584
0.195312 0.386301
0.203125 0.402877
0.210938 0.406502
0.21875 0.43303
0.226562 0.433063
0.234375 0.449012
0.25 0.483334
0.257812 0.488672
0.265625 0.508
0.273438 0.508543
0.28125 0.539948
0.296875 0.557084
0.304688 0.562769
0.3125 0.578109
0.328125 0.58292
0.34375 0.597617
0.351562 0.600105
0.359375 0.600122
0.375 0.626172
0.382812 0.626271
0.390625 0.630917
0.398438 0.633092
0.40625 0.647872
0.421875 0.650871
0.429688 0.651069
0.4375 0.665914
0.445312 0.668139
0.46875 0.685159
0.492188 0.685357
0.5 0.707601
0.507812 0.707749
0.515625 0.708425
0.53125 0.723204
0.546875 0.723682
0.5625 0.739418
0.585938 0.741214
0.59375 0.756208
0.601562 0.756636
0.609375 0.757789
0.625 0.764611
0.632812 0.76466
0.65625 0.765451
0.664062 0.765649
0.679688 0.765698
0.6875 0.76588
0.703125 0.770394
0.710938 0.770526
0.71875 0.770592
0.726562 0.770608
0.742188 0.770922
0.75 0.778303
0.765625 0.780033
0.773438 0.780083
0.78125 0.780231
0.796875 0.780808
0.8125 0.780956
0.820312 0.784696
0.84375 0.785685
0.859375 0.785932
0.875 0.792803
0.890625 0.793231
0.90625 0.793281
0.914062 0.793627
0.929688 0.793792
0.9375 0.794138
0.945312 0.795901
0.984375 0.79796
1 0.804963
1.01562 0.806759
1.03125 0.807006
1.03906 0.807517
1.05469 0.809346
1.0625 0.80951
1.07812 0.80956
1.09375 0.812921
1.11719 0.814371
1.125 0.821605
1.13281 0.821637
1.17188 0.821967
1.1875 0.822132
1.19531 0.822214
1.20312 0.824076
1.21875 0.826202
1.25 0.833007
1.26562 0.833138
1.28906 0.833237
1.3125 0.834835
1.32031 0.836154
1.32812 0.837999
1.33594 0.838032
1.35938 0.838081
1.375 0.844771
1.40625 0.847012
1.42188 0.850719
1.4375 0.850736
1.46094 0.850818
1.47656 0.852598
1.48438 0.852696
1.5 0.859782
1.52344 0.863588
1.53125 0.863604
1.54688 0.863654
1.5625 0.863752
1.58594 0.863802
1.59375 0.863983
1.61719 0.864033
1.625 0.872452
1.63281 0.872584
1.64062 0.875814
1.6875 0.878944
1.71875 0.878994
1.72656 0.880806
1.75 0.887595
1.75781 0.887644
1.78125 0.887726
1.79688 0.887743
1.80469 0.888056
1.8125 0.888122
1.82812 0.888171
1.85938 0.888237
1.875 0.894927
1.89844 0.896706
1.92969 0.898057
1.9375 0.898074
1.95312 0.898107
1.96875 0.901633
1.99219 0.901946
2 0.908619
2.03125 0.908636
2.03906 0.908685
2.0625 0.908701
2.07812 0.910415
2.10938 0.910761
2.125 0.917385
2.13281 0.918686
2.1875 0.918703
2.22656 0.92391
2.23438 0.923943
2.25 0.932395
2.26562 0.932412
2.29688 0.932461
2.32031 0.932478
2.33594 0.932494
2.34375 0.932511
2.375 0.9392
2.39062 0.939266
2.40625 0.939316
2.42188 0.939332
2.4375 0.939365
2.46094 0.941144
2.49219 0.94121
2.5 0.941309
2.52344 0.941326
2.53125 0.943468
2.57812 0.943484
2.625 0.948032
2.64062 0.948065
2.65625 0.948098
2.67188 0.948147
2.69531 0.948164
2.71875 0.948246
2.73438 0.948263
2.74219 0.948559
2.75 0.948609
2.78906 0.950405
2.8125 0.950816
2.84375 0.950899
2.90625 0.950915
2.92188 0.950932
2.94531 0.950981
2.95312 0.952332
2.96875 0.952415
3 0.954178
3.04688 0.954194
3.0625 0.954211
3.09375 0.95426
3.125 0.956122
3.14844 0.956155
3.17188 0.956204
3.1875 0.956221
3.23438 0.95627
3.25 0.956287
3.26562 0.956303
3.28125 0.95632
3.375 0.961312
3.39062 0.961329
3.39844 0.961362
3.41406 0.961378
3.4375 0.961428
3.45312 0.961461
3.5 0.961477
3.51562 0.961543
3.5625 0.96291
3.58594 0.96469
3.625 0.964756
3.65625 0.964772
3.71094 0.964789
3.71875 0.964822
3.75 0.964921
3.79688 0.964954
3.85156 0.964987
3.85938 0.965003
3.875 0.965085
3.90625 0.965415
3.9375 0.965481
3.95312 0.965497
4 0.965613
4.00781 0.965629
4.0625 0.965646
4.07812 0.965728
4.125 0.965777
4.21875 0.967573
4.25 0.967623
4.26562 0.967639
4.29688 0.967656
4.30469 0.967672
4.5 0.969056
4.64062 0.969353
4.67188 0.969369
4.6875 0.969468
4.75 0.969518
4.78125 0.969551
4.84375 0.969584
4.875 0.969617
4.92188 0.969633
4.98438 0.96965
5 0.969682
5.03125 0.969699
5.04688 0.969732
5.0625 0.969781
5.07812 0.969798
5.15625 0.969831
5.25 0.96988
5.28125 0.969897
5.3125 0.969946
5.34375 0.970012
5.4375 0.970061
5.46875 0.970078
5.48438 0.970127
5.5 0.970177
5.625 0.970243
5.64062 0.970276
5.6875 0.970309
5.75 0.970325
5.8125 0.970375
5.84375 0.970391
5.90625 0.970473
5.9375 0.970523
6 0.970605
6.10938 0.970622
6.125 0.970671
6.1875 0.970721
6.23438 0.970753
6.25 0.972615
6.29688 0.972632
6.34375 0.972648
6.375 0.972681
6.5 0.972731
6.53125 0.972764
6.5625 0.974543
6.64062 0.97456
6.75 0.976652
6.78125 0.976669
6.79688 0.976685
6.90625 0.976702
7 0.976817
7.03125 0.978646
7.17188 0.978712
7.25 0.978728
7.26562 0.978745
7.5 0.978811
7.5625 0.978827
7.59375 0.978893
7.71875 0.978926
7.75 0.978943
7.8125 0.978975
7.875 0.979025
7.96875 0.979041
8 0.979058
8.125 0.979074
8.15625 0.979107
8.25 0.97914
8.3125 0.979157
8.4375 0.979173
8.5 0.979223
8.53125 0.979239
8.59375 0.980541
8.60938 0.980557
8.625 0.980574
8.75 0.98059
8.90625 0.980607
8.9375 0.980623
9 0.98087
9.03125 0.980903
9.375 0.982979
9.5 0.983029
9.5625 0.983078
9.6875 0.983095
9.75 0.983128
9.84375 0.983144
9.96875 0.983161
10 0.983358
10.0625 0.983375
10.125 0.983424
10.1562 0.983474
10.3125 0.98349
10.5 0.98354
10.6875 0.983573
10.875 0.983605
10.9688 0.983622
11 0.983638
11.1562 0.983655
11.375 0.983721
11.6875 0.983737
11.8125 0.983836
12 0.983869
12.2188 0.983886
12.5 0.983968
12.6562 0.984017
12.75 0.98405
12.9375 0.984067
13 0.984116
13.0625 0.984166
13.125 0.984182
13.5 0.984232
13.5625 0.984248
13.5938 0.984265
13.6562 0.984281
14 0.984363
14.25 0.984413
14.5 0.984429
14.625 0.984446
14.8438 0.985813
14.875 0.98583
15 0.985912
15.125 0.985929
15.1875 0.985978
15.4375 0.986011
15.75 0.986093
16 0.98611
16.0312 0.986126
16.625 0.986176
16.875 0.986192
17.0625 0.989685
17.1875 0.989867
17.25 0.989883
17.4375 0.9899
17.5 0.989949
18 0.990147
18.375 0.991481
18.4062 0.991498
18.75 0.991514
19 0.991547
19.25 0.99158
19.5 0.991613
20 0.991712
20.1875 0.991745
20.25 0.991795
20.3125 0.991827
21 0.993887
21.3125 0.99392
21.375 0.993953
22 0.993986
22.3125 0.994283
22.5 0.994299
23 0.994315
23.75 0.994332
24 0.994464
24.9375 0.994497
26 0.994513
27 0.99453
27.625 0.994563
28.5 0.994579
29.25 0.994596
29.6875 0.994612
29.75 0.994645
30 0.994661
30.8125 0.994678
31 0.994694
31.5 0.994711
32 0.994727
33.25 0.994744
33.75 0.99476
34.5 0.994777
36 0.994826
36.75 0.994843
37.5 0.99504
38 0.995057
38.25 0.995073
38.5 0.99509
39.875 0.995106
40 0.995354
42 0.99537
42.625 0.995386
42.75 0.995403
43.5 0.995419
43.75 0.995436
45 0.995469
48 0.995601
51.75 0.995617
52 0.99565
52.5 0.995667
56 0.996919
56.25 0.996935
60 0.998665
61.75 0.998682
63 0.998698
64 0.998764
66 0.998781
66.5 0.998797
68 0.99883
69.75 0.998847
70 0.998863
72 0.998945
73.5 0.998962
73.625 0.998978
74.75 0.998995
76 0.999077
76.5 0.999094
77 0.99911
78 0.999143
80 0.99916
81 0.999193
82.5 0.999209
84 0.999226
85 0.999259
85.5 0.999275
87.75 0.999291
95 0.999308
96 0.999324
101.5 0.999341
102 0.999357
108.5 0.99939
112 0.999407
112.5 0.999423
120 0.99944
125 0.999473
126 0.999489
130.5 0.999506
142.5 0.999522
144.5 0.999539
160 0.999555
161.5 0.999572
190 0.999588
208 0.999605
240 0.999621
266 0.999638
304 0.999654
306 0.99967
342 0.999687
380 0.999703
432 0.999736
476 0.999753
494 0.999802
512 0.999835
532 0.999852
570 0.999868
608 0.999901
646 0.999934
864 0.999951
1140 0.999967
1152 0.999984
1248 1
