0 0.0501102
0.0078125 0.0607831
0.015625 0.0783578
0.0234375 0.089343
0.03125 0.110963
0.0390625 0.121825
0.046875 0.139453
0.0546875 0.15016
0.0625 0.178093
0.0703125 0.210044
0.078125 0.228093
0.0859375 0.238776
0.09375 0.260755
0.101562 0.271749
0.109375 0.289496
0.117188 0.300501
0.125 0.32843
0.132812 0.339276
0.140625 0.378116
0.148438 0.388787
0.15625 0.399537
0.164062 0.399741
0.171875 0.406599
0.179688 0.406605
0.1875 0.424001
0.195312 0.424181
0.203125 0.430959
0.210938 0.452298
0.21875 0.462991
0.226562 0.462992
0.234375 0.47008
0.25 0.487517
0.257812 0.487873
0.265625 0.494722
0.273438 0.494751
0.28125 0.526927
0.296875 0.533975
0.304688 0.534246
0.3125 0.544615
0.328125 0.544905
0.34375 0.548814
0.351562 0.570346
0.359375 0.570347
0.375 0.580899
0.382812 0.580906
0.390625 0.580931
0.398438 0.581134
0.40625 0.585197
0.421875 0.606777
0.429688 0.606797
0.4375 0.617114
0.445312 0.617312
0.453125 0.617317
0.46875 0.621684
0.492188 0.642774
0.5 0.653082
0.507812 0.653106
0.515625 0.653214
0.53125 0.657122
0.539062 0.657123
0.546875 0.657221
0.5625 0.688714
0.585938 0.688885
0.59375 0.692782
0.601562 0.692808
0.609375 0.692856
0.625 0.699426
0.632812 0.720607
0.65625 0.720671
0.664062 0.72069
0.679688 0.720696
0.6875 0.727254
0.703125 0.748388
0.710938 0.74858
0.71875 0.748582
0.726562 0.748583
0.742188 0.748594
0.75 0.755049
0.765625 0.755055
0.773438 0.776082
0.78125 0.776251
0.796875 0.776297
0.8125 0.78269
0.820312 0.782713
0.84375 0.803803
0.859375 0.804025
0.875 0.810508
0.890625 0.810549
0.90625 0.810552
0.914062 0.831581
0.929688 0.831609
0.9375 0.83803
0.945312 0.838034
0.96875 0.838037
0.976562 0.838052
0.984375 0.859238
1 0.86563
1.01562 0.865854
1.03125 0.866091
1.03906 0.866098
1.05469 0.887316
1.0625 0.893721
1.07812 0.893724
1.09375 0.893734
1.11719 0.893741
1.125 0.921186
1.13281 0.921189
1.17188 0.921267
1.1875 0.927658
1.19531 0.948691
1.20312 0.949017
1.21094 0.949019
1.21875 0.949034
1.25 0.949112
1.26562 0.97029
1.28906 0.970614
1.3125 0.970747
1.32031 0.970909
1.32812 0.970919
1.33594 0.991941
1.35938 0.991944
1.375 0.991957
1.40625 0.991977
1.42188 0.992042
1.4375 0.992043
1.46094 0.992052
1.47656 0.992268
1.48438 0.992283
1.5 0.992297
1.52344 0.992371
1.54688 0.992378
1.5625 0.992452
1.59375 0.992459
1.625 0.992526
1.63281 0.992586
1.64062 0.992811
1.6875 0.993208
1.71875 0.993209
1.72656 0.993368
1.75 0.993374
1.75781 0.993375
1.78125 0.993378
1.79688 0.993379
1.80469 0.993381
1.82812 0.99355
1.85938 0.99372
1.875 0.993743
1.89844 0.993907
1.92969 0.993976
1.9375 0.993978
1.96875 0.994143
1.99219 0.994145
2 0.994152
2.03125 0.994155
2.03906 0.994162
2.0625 0.994164
2.07812 0.994169
2.10938 0.994281
2.125 0.994285
2.13281 0.994448
2.15625 0.99445
2.1875 0.994451
2.22656 0.994505
2.23438 0.994507
2.25 0.994582
2.26562 0.994589
2.29688 0.994592
2.32031 0.994593
2.34375 0.994596
2.375 0.994599
2.39062 0.994605
2.42188 0.994607
2.4375 0.994612
2.46094 0.994616
2.49219 0.994619
2.5 0.994626
2.52344 0.994627
2.53125 0.994637
2.53906 0.994639
2.57812 0.99464
2.625 0.994711
2.64062 0.994713
2.65625 0.994718
2.66406 0.994721
2.67188 0.994724
2.71875 0.994732
2.73438 0.994735
2.75 0.99474
2.78906 0.994741
2.8125 0.994816
2.84375 0.994819
2.875 0.994822
2.90625 0.994825
2.92188 0.994826
2.94531 0.994829
2.95312 0.99483
2.96875 0.994835
3 0.994845
3.04688 0.994846
3.05469 0.994849
3.125 0.994857
3.14844 0.994859
3.16406 0.99486
3.17188 0.994866
3.1875 0.995092
3.23438 0.995093
3.25 0.995097
3.26562 0.995099
3.28125 0.995103
3.32031 0.995104
3.375 0.995266
3.39062 0.995268
3.39844 0.995272
3.41406 0.995273
3.5 0.995282
3.51562 0.995283
3.5625 0.995292
3.58594 0.995295
3.59375 0.995296
3.60938 0.995298
3.625 0.995299
3.65625 0.995357
3.71094 0.995359
3.71875 0.995361
3.75 0.995366
3.79688 0.995424
3.85156 0.995427
3.90625 0.995587
3.9375 0.995591
3.98438 0.995593
4 0.995813
4.00781 0.995814
4.0625 0.995816
4.07812 0.995823
4.11719 0.995824
4.125 0.995829
4.15625 0.99583
4.21875 0.995838
4.25 0.995841
4.30469 0.995843
4.3125 0.995846
4.375 0.995847
4.5 0.996015
4.59375 0.996017
4.6875 0.99602
4.75 0.996022
4.78125 0.996023
4.8125 0.996024
4.84375 0.996026
4.875 0.996029
4.92188 0.996032
5 0.996036
5.04688 0.996037
5.0625 0.996044
5.15625 0.996047
5.25 0.99605
5.28125 0.996051
5.34375 0.996216
5.39062 0.996219
5.4375 0.996223
5.46875 0.996226
5.48438 0.99623
5.5 0.996236
5.57812 0.996237
5.625 0.996245
5.75 0.996246
5.8125 0.996247
5.84375 0.996253
5.85938 0.996254
5.89062 0.996256
5.90625 0.996415
5.9375 0.996418
6 0.996477
6.125 0.99648
6.1875 0.996482
6.25 0.996487
6.29688 0.996489
6.32812 0.996699
6.375 0.9967
6.5 0.996703
6.53125 0.996706
6.5625 0.996766
6.64062 0.996767
6.75 0.996795
6.90625 0.996797
7.03125 0.996864
7.125 0.996866
7.17188 0.996869
7.1875 0.996871
7.21875 0.996872
7.25 0.996876
7.26562 0.996878
7.42188 0.996879
7.4375 0.996881
7.5 0.996891
7.5625 0.996892
7.59375 0.997123
7.8125 0.997126
7.875 0.997132
7.90625 0.997133
7.96875 0.997135
8 0.997142
8.15625 0.997143
8.23438 0.997145
8.3125 0.997148
8.4375 0.99715
8.5 0.997157
8.60938 0.997159
8.625 0.997163
8.71875 0.997166
8.90625 0.997167
8.9375 0.99717
9 0.997194
9.03125 0.997196
9.1875 0.997199
9.20312 0.9972
9.34375 0.997202
9.375 0.997203
9.5 0.997204
9.5625 0.997207
9.625 0.99721
9.75 0.997216
10 0.997223
10.0625 0.997226
10.125 0.997227
10.1562 0.997392
10.5 0.997402
10.5625 0.997403
10.6875 0.997405
11 0.997406
11.25 0.997409
11.2812 0.99741
11.375 0.997412
11.7188 0.997414
11.7812 0.997417
11.8125 0.997576
11.875 0.997578
12 0.997636
12.1875 0.997637
12.2188 0.997639
12.25 0.99764
12.375 0.997643
12.6562 0.997646
12.75 0.997647
13 0.997652
13.2812 0.997808
13.5 0.997811
13.8125 0.997813
14 0.997818
14.0625 0.997981
14.25 0.997982
14.5 0.997984
14.8438 0.997991
15 0.997992
15.1875 0.997999
15.75 0.998164
16 0.998188
16.3125 0.99819
16.4688 0.998191
16.5 0.998193
16.625 0.998194
16.875 0.998197
17 0.9982
17.0625 0.998202
17.4375 0.998204
17.8125 0.998205
17.875 0.998207
18 0.998265
18.125 0.998266
19 0.998275
19.375 0.998278
20 0.998282
20.25 0.998283
21 0.998566
21.25 0.998567
21.875 0.998569
22 0.998574
22.5 0.998577
22.75 0.998579
23.25 0.99858
23.375 0.998582
23.75 0.998584
24 0.99866
24.75 0.998663
24.9375 0.998823
25 0.998824
27 0.998826
27.125 0.998827
27.3125 0.998829
27.625 0.99883
28 0.998833
28.125 0.998836
28.75 0.998837
29 0.998839
29.25 0.998841
29.75 0.998843
30 0.9989
31.5 0.998901
32 0.998902
33 0.998904
34 0.998905
34.375 0.998907
34.4375 0.998908
35 0.99891
36 0.998975
36.25 0.998976
36.75 0.998978
38 0.998982
38.25 0.998983
38.5 0.998986
40 0.998988
42 0.999042
42.5 0.999043
42.625 0.999044
42.75 0.999046
44 0.999086
45 0.999088
48 0.999144
49.5 0.999145
50 0.999147
52 0.999169
54 0.999221
56 0.999222
58 0.999223
60 0.999279
61.75 0.99928
62 0.999283
63 0.999284
64 0.999445
66 0.999492
66.5 0.999493
68 0.999499
68.75 0.9995
69 0.999502
71.25 0.999504
71.5 0.999506
72 0.999564
74.25 0.999566
76 0.999568
76.5 0.999571
78 0.999625
82.5 0.999628
84 0.999681
87 0.999682
88 0.999683
90 0.999736
90.25 0.999739
93 0.99974
95 0.999742
96 0.999796
98 0.999797
101.5 0.999798
102 0.999848
108 0.999903
112.5 0.999905
114 0.999957
117 0.99996
124 0.999963
125 0.999966
126 0.999967
128 0.999969
142.5 0.99997
162.5 0.999986
168 0.999987
171 0.99999
216 0.999993
288 0.999994
340 0.999996
864 0.999997
960 1
