0 0.0492772
0.0078125 0.0500709
0.015625 0.0576449
0.0234375 0.0593243
0.03125 0.0824578
0.0390625 0.0837015
0.046875 0.0931582
0.0546875 0.0940487
0.0625 0.118528
0.0703125 0.120502
0.078125 0.130022
0.0859375 0.130757
0.09375 0.156596
0.101562 0.157719
0.109375 0.16613
0.117188 0.1681
0.125 0.1912
0.132812 0.192018
0.140625 0.20205
0.148438 0.202834
0.15625 0.224908
0.164062 0.2256
0.171875 0.232714
0.179688 0.232719
0.1875 0.280728
0.195312 0.280772
0.203125 0.289062
0.210938 0.289764
0.21875 0.312394
0.226562 0.312404
0.234375 0.319919
0.25 0.34208
0.257812 0.342767
0.265625 0.34979
0.273438 0.350404
0.28125 0.374341
0.296875 0.381073
0.304688 0.381731
0.3125 0.397083
0.328125 0.399164
0.34375 0.414471
0.351562 0.415343
0.359375 0.415352
0.375 0.4542
0.382812 0.454239
0.390625 0.45481
0.398438 0.455463
0.40625 0.470781
0.421875 0.47157
0.429688 0.471671
0.4375 0.487419
0.445312 0.488097
0.453125 0.488111
0.46875 0.503777
0.492188 0.503811
0.5 0.519153
0.507812 0.519555
0.515625 0.519801
0.53125 0.535061
0.546875 0.536184
0.5625 0.574451
0.585938 0.574543
0.59375 0.589884
0.601562 0.590455
0.609375 0.59061
0.625 0.590712
0.632812 0.590726
0.65625 0.590978
0.664062 0.591036
0.679688 0.591046
0.6875 0.591104
0.703125 0.592062
0.710938 0.592628
0.71875 0.592638
0.726562 0.592643
0.742188 0.592686
0.75 0.615675
0.765625 0.615781
0.773438 0.61581
0.78125 0.615854
0.796875 0.616052
0.8125 0.616584
0.820312 0.617848
0.84375 0.618099
0.859375 0.618148
0.875 0.61822
0.890625 0.618394
0.898438 0.618404
0.90625 0.618433
0.914062 0.618482
0.929688 0.618583
0.9375 0.642046
0.945312 0.642075
0.96875 0.64208
0.976562 0.642085
0.984375 0.642491
1 0.642598
1.01562 0.643135
1.03125 0.643604
1.03906 0.643648
1.05469 0.644175
1.0625 0.644219
1.09375 0.644756
1.11719 0.64479
1.125 0.668141
1.13281 0.668161
1.14844 0.668296
1.17188 0.66833
1.1875 0.668378
1.19531 0.668398
1.20312 0.66893
1.21094 0.668935
1.21875 0.669104
1.25 0.669157
1.26562 0.669206
1.28906 0.669753
1.3125 0.693999
1.32031 0.694503
1.32812 0.694667
1.33594 0.694691
1.35938 0.694706
1.375 0.694754
1.40625 0.695751
1.42188 0.696259
1.4375 0.696274
1.46094 0.69731
1.47656 0.697324
1.48438 0.697363
1.5 0.720656
1.52344 0.720685
1.53125 0.721547
1.54688 0.722079
1.5625 0.722118
1.58594 0.722132
1.59375 0.72221
1.625 0.722606
1.63281 0.722631
1.64062 0.723642
1.6875 0.747071
1.69531 0.747076
1.71875 0.747085
1.72656 0.748266
1.75 0.748818
1.78125 0.748842
1.79688 0.748852
1.80469 0.748866
1.8125 0.748871
1.82812 0.749016
1.85938 0.749041
1.875 0.772324
1.89844 0.772847
1.92969 0.773389
1.9375 0.773398
1.95312 0.773403
1.96875 0.773437
1.97656 0.773442
1.99219 0.77395
2 0.773984
2.03125 0.773994
2.03906 0.773999
2.0625 0.796755
2.07812 0.796759
2.10938 0.79781
2.125 0.797843
2.13281 0.798337
2.15625 0.798342
2.1875 0.798356
2.22656 0.798366
2.23438 0.798385
2.25 0.821229
2.25781 0.821233
2.26562 0.821253
2.29688 0.821277
2.32031 0.821287
2.33594 0.821292
2.34375 0.821359
2.375 0.821379
2.39062 0.821388
2.40625 0.821393
2.42188 0.821408
2.4375 0.844198
2.49219 0.844207
2.5 0.844212
2.51562 0.844217
2.52344 0.844231
2.53125 0.844372
2.53906 0.844377
2.625 0.867166
2.65625 0.867191
2.67188 0.8672
2.71875 0.867225
2.73438 0.867239
2.74219 0.867254
2.75 0.867263
2.78906 0.867757
2.8125 0.890552
2.82031 0.890556
2.84375 0.890566
2.875 0.890581
2.90625 0.8906
2.92188 0.890624
2.94531 0.890648
2.95312 0.891152
2.96875 0.891171
3 0.914295
3.0625 0.914305
3.09375 0.914314
3.125 0.914334
3.16406 0.914353
3.17188 0.914363
3.1875 0.937167
3.23438 0.937191
3.25 0.937211
3.26562 0.93722
3.28125 0.93723
3.32031 0.93724
3.375 0.960567
3.39062 0.960576
3.4375 0.960591
3.45312 0.960596
3.5 0.960639
3.51562 0.960654
3.5625 0.98341
3.59375 0.983415
3.60938 0.983419
3.625 0.983429
3.63281 0.983434
3.65625 0.983816
3.71875 0.98384
3.75 0.983874
3.79688 0.984726
3.85156 0.984736
3.875 0.984745
3.90625 0.984755
3.9375 0.984779
3.95312 0.984789
4 0.984833
4.00781 0.985834
4.0625 0.985854
4.07812 0.985868
4.11719 0.985878
4.125 0.985892
4.15625 0.985897
4.21875 0.985912
4.25 0.985926
4.29688 0.985931
4.30469 0.985941
4.3125 0.985946
4.35938 0.985955
4.375 0.98598
4.45312 0.985989
4.46875 0.985999
4.5 0.986047
4.51562 0.986052
4.53125 0.986057
4.60156 0.986062
4.6875 0.986081
4.75 0.986101
4.78125 0.986105
4.8125 0.98612
4.875 0.986125
5 0.986207
5.03125 0.986212
5.0625 0.986739
5.07812 0.986744
5.25 0.986773
5.28125 0.986783
5.3125 0.986802
5.32812 0.986807
5.34375 0.986812
5.39062 0.986817
5.4375 0.986831
5.46875 0.986836
5.48438 0.98734
5.5 0.987373
5.625 0.987402
5.64062 0.987412
5.75 0.987422
5.8125 0.987427
5.84375 0.987431
5.85938 0.987436
5.89062 0.987441
5.90625 0.987446
5.9375 0.987456
6 0.987494
6.09375 0.987499
6.10938 0.987504
6.125 0.987509
6.1875 0.987528
6.23438 0.987533
6.25 0.988061
6.34375 0.988065
6.375 0.98807
6.46875 0.98808
6.5 0.98809
6.53125 0.988094
6.5625 0.988104
6.75 0.98822
6.875 0.988225
6.90625 0.98823
7 0.988254
7.03125 0.988288
7.125 0.988303
7.17188 0.988433
7.1875 0.988438
7.21875 0.988443
7.25 0.988462
7.26562 0.988467
7.3125 0.988496
7.4375 0.988516
7.5 0.988535
7.59375 0.988545
7.70312 0.988549
7.71875 0.988569
7.75 0.988583
7.8125 0.989067
7.875 0.989096
8 0.989135
8.01562 0.990016
8.15625 0.990021
8.25 0.990045
8.3125 0.99005
8.4375 0.990069
8.5 0.990093
8.53125 0.990098
8.59375 0.990229
8.60938 0.990238
8.625 0.990272
8.71875 0.990277
8.75 0.990287
8.90625 0.990292
8.9375 0.990301
9 0.99034
9.03125 0.990355
9.1875 0.990877
9.20312 0.990887
9.28125 0.990906
9.375 0.99094
9.5 0.99095
9.5625 0.99096
9.625 0.990969
9.6875 0.990974
9.75 0.990984
9.84375 0.990998
9.96875 0.991003
10 0.991008
10.0625 0.991013
10.0938 0.991022
10.125 0.991027
10.1562 0.991908
10.3125 0.991913
10.5 0.991923
10.5625 0.991927
10.625 0.991932
10.6875 0.991947
10.9375 0.991957
11 0.991966
11.25 0.991986
11.2812 0.99199
11.375 0.991995
11.5 0.99201
11.625 0.992015
11.6875 0.992029
11.7188 0.992871
11.8125 0.992891
12 0.992924
12.25 0.992939
12.5 0.993152
12.6562 0.993162
12.6875 0.993166
12.75 0.993191
12.9375 0.993195
13 0.993205
13.0625 0.993215
13.125 0.993225
13.2812 0.993239
13.5 0.993268
13.5625 0.993273
13.6562 0.993278
13.75 0.993287
13.8125 0.993307
14 0.993312
14.0625 0.993331
14.25 0.99335
14.4375 0.993844
14.5 0.993849
14.5312 0.993858
14.875 0.993873
15 0.993897
15.1875 0.993902
15.4062 0.993912
15.4375 0.993926
15.5 0.993941
15.75 0.993979
15.8125 0.993994
15.9375 0.994004
16 0.99458
16.0312 0.994584
16.25 0.994589
16.3125 0.994594
16.4688 0.994599
16.625 0.994609
16.875 0.994643
17 0.994676
17.1875 0.994681
17.2188 0.994686
17.25 0.994691
17.4375 0.994696
17.5 0.994701
17.8125 0.994705
17.875 0.99471
18 0.99473
18.125 0.994734
18.375 0.995257
18.75 0.995272
19 0.995286
19.5 0.995291
19.6875 0.995296
20 0.99531
20.1875 0.995315
20.25 0.99532
20.3125 0.99533
20.625 0.995339
21 0.995881
21.125 0.995896
21.5625 0.995901
21.9375 0.995906
22 0.995911
22.3125 0.996544
22.5 0.996564
22.5625 0.996574
22.75 0.996588
23 0.996593
23.25 0.996607
23.375 0.996617
23.625 0.996627
23.75 0.996632
24 0.996656
24.5 0.996665
24.9375 0.997024
25 0.997048
25.5 0.997062
25.875 0.997072
26 0.997077
26.125 0.997082
26.25 0.997091
26.5625 0.997145
27 0.997149
27.125 0.997154
27.1875 0.997159
27.5 0.997164
27.625 0.997174
28 0.997246
28.875 0.997251
30 0.997261
30.8125 0.997266
31 0.99727
31.25 0.997275
31.625 0.99728
32 0.997329
32.5 0.997333
32.625 0.997343
32.9375 0.997353
33 0.997362
33.25 0.997367
33.75 0.997377
34 0.997401
34.5 0.997406
34.875 0.997411
35 0.997416
35.625 0.997425
36 0.997464
36.125 0.997469
36.75 0.997474
37.5 0.997483
38 0.997493
38.5 0.997508
38.75 0.997522
39 0.997527
40 0.997561
40.25 0.997566
40.375 0.997571
40.5 0.99758
41.25 0.997585
42 0.99759
42.25 0.997595
42.5 0.9976
42.75 0.997604
44 0.997953
45 0.997972
45.5 0.997982
46 0.997992
46.5 0.998001
46.75 0.998006
47.125 0.998011
47.25 0.998021
47.5 0.99805
48 0.998069
48.75 0.998074
49.5 0.998088
50 0.998098
50.75 0.998103
51 0.998113
52 0.998137
52.5 0.998146
54 0.998156
54.25 0.998166
55 0.99818
55.25 0.998185
56 0.998742
56.25 0.998747
57 0.998761
57.5 0.998771
57.75 0.99878
58 0.998785
58.5 0.99879
59.375 0.998795
59.5 0.9988
60 0.998809
60.5 0.998819
60.75 0.998824
61.75 0.998834
62 0.998838
63 0.998848
63.75 0.998853
64 0.998858
64.125 0.998863
65 0.998868
65.875 0.998872
66 0.998882
66.5 0.998887
68 0.998959
69.75 0.998964
70 0.998969
71.25 0.998974
71.5 0.998979
72 0.998989
72.25 0.998993
73.625 0.998998
74.75 0.999003
76.5 0.999008
77 0.999013
78 0.999022
80 0.999037
80.75 0.999047
81 0.999056
82.5 0.999061
84 0.999076
85.5 0.99908
86.25 0.999085
87 0.9991
87.5 0.999105
88 0.999114
89.25 0.999119
90 0.999129
91 0.999134
93.5 0.999139
94.5 0.999143
95 0.999153
96 0.999168
97.5 0.999172
98 0.999177
99 0.999182
101.25 0.999187
102 0.999216
103.5 0.999221
106.25 0.999226
108 0.99923
110 0.999235
112.5 0.99924
114 0.999245
116.25 0.99925
117 0.99926
120 0.999279
124 0.999284
126 0.999289
127.5 0.999298
128 0.999303
128.25 0.999308
130 0.999318
132 0.999322
133 0.999327
135 0.999337
136 0.999376
138 0.999385
142.5 0.9994
144 0.99941
144.5 0.999414
147 0.999419
150 0.999424
152 0.999429
153 0.999439
156 0.999443
159.5 0.999448
162 0.999453
162.5 0.999458
168 0.999463
170 0.999482
172.5 0.999487
180 0.999497
184 0.999502
187 0.999506
188.5 0.999511
189 0.999521
190 0.999526
192 0.99954
196 0.99955
200 0.999555
204 0.999579
210 0.999584
212.5 0.999593
216 0.999603
220 0.999608
221 0.999613
224 0.999623
225 0.999637
229.5 0.999642
232 0.999647
238 0.999661
250 0.999666
252 0.999671
263.5 0.999676
266 0.999681
270 0.999685
272 0.9997
279 0.999705
300 0.99971
306 0.999724
320 0.999729
336 0.999743
338 0.999748
340 0.999763
341 0.999768
361 0.999773
364 0.999777
374 0.999797
408 0.999806
416 0.999811
435 0.999816
437 0.999821
442 0.99984
456 0.999845
476 0.99985
510 0.999869
540 0.999874
544 0.999903
578 0.999923
612 0.999942
640 0.999956
646 0.999966
672 0.999971
720 0.999976
728 0.999981
1216 0.999985
1280 0.99999
1296 1
