0 0.0501535
0.0078125 0.0510578
0.015625 0.057063
0.0234375 0.0593644
0.03125 0.0699832
0.0390625 0.107612
0.046875 0.113747
0.0546875 0.114765
0.0625 0.123131
0.0703125 0.124772
0.078125 0.168048
0.0859375 0.169451
0.09375 0.180611
0.101562 0.182133
0.109375 0.187829
0.117188 0.22679
0.125 0.236402
0.132812 0.237311
0.140625 0.244345
0.148438 0.245358
0.15625 0.290053
0.164062 0.291033
0.171875 0.296102
0.1875 0.304706
0.195312 0.341458
0.203125 0.345622
0.210938 0.346412
0.21875 0.355948
0.226562 0.355953
0.234375 0.399533
0.25 0.407255
0.257812 0.408555
0.265625 0.41248
0.273438 0.449248
0.28125 0.458746
0.296875 0.463836
0.304688 0.464556
0.3125 0.505526
0.328125 0.506479
0.34375 0.510085
0.351562 0.547541
0.375 0.552701
0.382812 0.55281
0.390625 0.589572
0.398438 0.590292
0.40625 0.59399
0.421875 0.595252
0.429688 0.631987
0.4375 0.63568
0.445312 0.636417
0.453125 0.636422
0.46875 0.677479
0.484375 0.677484
0.492188 0.677533
0.5 0.681307
0.507812 0.719223
0.515625 0.719981
0.53125 0.723625
0.546875 0.760496
0.5625 0.765217
0.585938 0.802023
0.59375 0.805651
0.601562 0.806409
0.609375 0.806615
0.625 0.844038
0.632812 0.844124
0.65625 0.844931
0.664062 0.881661
0.679688 0.881688
0.6875 0.881748
0.703125 0.918857
0.710938 0.9189
0.71875 0.918922
0.742188 0.955619
0.75 0.955879
0.765625 0.955933
0.773438 0.955982
0.78125 0.956052
0.796875 0.956274
0.8125 0.957352
0.820312 0.95805
0.84375 0.958727
0.859375 0.959902
0.875 0.960633
0.890625 0.960785
0.898438 0.960801
0.90625 0.960828
0.914062 0.961001
0.929688 0.961034
0.9375 0.962128
0.945312 0.962149
0.96875 0.962155
0.976562 0.96216
0.984375 0.963156
1 0.963216
1.01562 0.963324
1.03125 0.963362
1.03906 0.963406
1.05469 0.964001
1.0625 0.964039
1.07812 0.964045
1.09375 0.964088
1.11719 0.964694
1.125 0.964797
1.13281 0.964808
1.14844 0.964819
1.17188 0.965436
1.1875 0.965474
1.19531 0.965501
1.20312 0.965534
1.21094 0.965539
1.21875 0.965642
1.25 0.965664
1.25781 0.965669
1.26562 0.965783
1.28906 0.966828
1.3125 0.966947
1.32031 0.967543
1.32812 0.968582
1.33594 0.968609
1.35938 0.968615
1.36719 0.96862
1.375 0.968729
1.40625 0.969427
1.42188 0.97058
1.4375 0.970586
1.45312 0.970591
1.46094 0.971631
1.47656 0.972205
1.48438 0.972248
1.5 0.972292
1.52344 0.972394
1.53125 0.972432
1.54688 0.972465
1.5625 0.972503
1.58594 0.972508
1.59375 0.972557
1.625 0.973044
1.63281 0.973071
1.64062 0.973082
1.6875 0.973125
1.71875 0.973136
1.72656 0.973716
1.75 0.974198
1.75781 0.974208
1.78125 0.974246
1.80469 0.974891
1.8125 0.974896
1.82812 0.974918
1.85938 0.974923
1.875 0.975519
1.89062 0.975524
1.89844 0.976098
1.92969 0.97612
1.95312 0.976125
1.96875 0.976217
1.97656 0.976228
1.99219 0.976813
2 0.97684
2.03906 0.976862
2.0625 0.976873
2.07812 0.976878
2.10938 0.977398
2.125 0.97742
2.13281 0.977972
2.14844 0.977977
2.15625 0.977983
2.17969 0.977988
2.1875 0.978015
2.22656 0.979212
2.23438 0.979234
2.25 0.979255
2.25781 0.979261
2.26562 0.979282
2.29688 0.979293
2.32031 0.979304
2.33594 0.979315
2.34375 0.979331
2.375 0.979342
2.39062 0.979364
2.40625 0.97938
2.42188 0.979391
2.4375 0.979429
2.46094 0.980002
2.49219 0.980024
2.5 0.980046
2.53125 0.981205
2.53906 0.981215
2.57812 0.981221
2.625 0.98186
2.65625 0.981871
2.71875 0.981881
2.74219 0.982347
2.75 0.982363
2.78906 0.982829
2.8125 0.982835
2.875 0.982845
2.92188 0.982851
2.94531 0.982856
2.95312 0.982883
2.96875 0.982894
3 0.983961
3.04688 0.983966
3.05469 0.983972
3.09375 0.983982
3.11719 0.984058
3.125 0.984102
3.1875 0.985239
3.23438 0.985244
3.25 0.985255
3.375 0.985396
3.39062 0.985401
3.4375 0.985407
3.45312 0.985417
3.5 0.98545
3.51562 0.985461
3.5625 0.985477
3.58594 0.985948
3.625 0.985954
3.63281 0.985959
3.65625 0.986441
3.71875 0.986446
3.75 0.986479
3.78125 0.986484
3.79688 0.986506
3.85156 0.986511
3.85938 0.986522
3.90625 0.986528
3.9375 0.987681
3.98438 0.987686
4 0.987708
4.0625 0.98773
4.07812 0.987746
4.125 0.987762
4.15625 0.987784
4.21875 0.987898
4.25 0.987914
4.26562 0.987919
4.30469 0.98793
4.35938 0.987941
4.375 0.987957
4.5 0.987995
4.51562 0.988
4.53125 0.988006
4.64062 0.988017
4.6875 0.988038
4.75 0.988049
4.78125 0.988065
4.8125 0.988071
4.92188 0.988076
5 0.988092
5.03125 0.988103
5.04688 0.988109
5.0625 0.98812
5.07812 0.988125
5.15625 0.98813
5.25 0.988136
5.3125 0.988152
5.34375 0.988163
5.4375 0.988168
5.46875 0.989213
5.48438 0.989787
5.5 0.989793
5.625 0.989809
5.6875 0.98982
5.75 0.989831
5.8125 0.989847
5.84375 0.989852
5.90625 0.991038
6 0.99106
6.09375 0.991071
6.125 0.991076
6.1875 0.991087
6.25 0.991184
6.32812 0.991201
6.34375 0.991211
6.375 0.991217
6.46875 0.991222
6.5 0.991244
6.53125 0.991249
6.5625 0.991266
6.64062 0.991271
6.75 0.991314
6.78125 0.991331
6.82812 0.991336
6.90625 0.991347
7 0.991385
7.03125 0.99185
7.125 0.991878
7.17188 0.992446
7.25 0.992462
7.3125 0.992544
7.5 0.992581
7.59375 0.99315
7.71875 0.993161
7.75 0.993166
7.8125 0.993177
7.875 0.993204
7.90625 0.993215
7.96875 0.99322
8 0.993296
8.15625 0.993307
8.23438 0.993313
8.25 0.993329
8.3125 0.99334
8.4375 0.993345
8.5 0.993356
8.53125 0.993361
8.625 0.993367
8.71875 0.993372
8.75 0.993394
8.90625 0.993399
8.9375 0.993405
9 0.993502
9.03125 0.993507
9.0625 0.993513
9.1875 0.994542
9.20312 0.994547
9.28125 0.994553
9.375 0.994563
9.5 0.994569
9.5625 0.99458
9.625 0.99459
9.75 0.994596
10 0.994672
10.0625 0.994677
10.125 0.994699
10.1562 0.99471
10.3125 0.994715
10.5 0.994726
10.625 0.994737
10.9375 0.995349
11.1562 0.995354
11.25 0.99537
11.2812 0.995381
11.375 0.995392
11.7188 0.995944
11.8125 0.995988
11.875 0.995993
12 0.996015
12.2188 0.996025
12.25 0.996031
12.4688 0.996036
12.5 0.996047
12.75 0.996058
12.9375 0.996063
13 0.996085
13.0625 0.996096
13.125 0.996572
13.2812 0.996578
13.5 0.996589
13.5625 0.996594
13.75 0.996605
14 0.99661
14.0625 0.996719
14.25 0.996729
14.3438 0.99674
14.375 0.996751
14.625 0.996756
14.875 0.996767
15 0.996789
15.4062 0.996794
15.4375 0.996805
15.5 0.996811
15.75 0.996827
16 0.996859
16.25 0.99687
16.3125 0.996876
16.875 0.996881
17 0.996886
17.0625 0.997439
17.2188 0.997444
17.8125 0.99745
17.875 0.997455
18 0.997477
18.375 0.997482
19 0.997498
19.6875 0.997509
19.9375 0.997515
20 0.998099
21 0.998181
21.375 0.998186
22 0.998191
24.9375 0.998213
25.1875 0.998218
25.5 0.998229
26 0.99824
26.25 0.998246
27.5 0.998251
28 0.998262
28.5 0.998278
29.25 0.998289
30.375 0.998294
31 0.9983
32 0.998381
32.0625 0.998386
33 0.998397
34 0.998403
34.4375 0.998408
34.875 0.998413
36 0.998424
37.375 0.99843
38 0.998435
38.25 0.998446
40 0.998462
42.25 0.998468
42.625 0.998473
42.75 0.998484
43.75 0.998495
44 0.998511
44.625 0.998516
45 0.998522
46.5 0.998527
46.75 0.998533
46.875 0.998538
47.5 0.998549
48 0.99857
49 0.998576
50.75 0.998581
52 0.999031
52.5 0.999047
54 0.999058
56 0.999085
57 0.99909
59.5 0.999096
60 0.999112
61.75 0.999123
64 0.999144
66 0.99915
66.5 0.999161
68 0.999718
72 0.999745
75 0.999756
76 0.999767
76.5 0.999778
77 0.999783
78.75 0.999789
80.75 0.999794
84 0.9998
85 0.99981
88 0.999816
102 0.999821
103.5 0.999827
108 0.999832
108.75 0.999838
112 0.999843
114.75 0.999848
121.5 0.999854
123.5 0.999859
124 0.999865
131.75 0.999875
135 0.999881
147.25 0.999886
152 0.999892
153 0.999897
171 0.999903
187.5 0.999913
204 0.999919
212.5 0.999978
306 0.999984
320 0.999995
864 1
