0 0.0488788
0.0078125 0.0520431
0.015625 0.0720629
0.0234375 0.0781174
0.03125 0.1186
0.0390625 0.122355
0.046875 0.147649
0.0546875 0.150919
0.0625 0.18868
0.0703125 0.194882
0.078125 0.216126
0.0859375 0.219311
0.09375 0.260933
0.101562 0.267747
0.109375 0.294791
0.117188 0.302048
0.125 0.334536
0.132812 0.337721
0.140625 0.365631
0.148438 0.368774
0.15625 0.40354
0.164062 0.40643
0.171875 0.429213
0.1875 0.461574
0.195312 0.461785
0.203125 0.488408
0.210938 0.491214
0.21875 0.527414
0.234375 0.553319
0.25 0.580849
0.257812 0.585343
0.265625 0.605974
0.273438 0.60646
0.28125 0.646056
0.296875 0.662954
0.304688 0.66827
0.3125 0.679008
0.328125 0.683269
0.34375 0.694597
0.351562 0.701264
0.375 0.719258
0.382812 0.719364
0.390625 0.719554
0.398438 0.722423
0.40625 0.733266
0.421875 0.737063
0.429688 0.737337
0.4375 0.748624
0.445312 0.751408
0.453125 0.75145
0.46875 0.767652
0.484375 0.767673
0.492188 0.769129
0.5 0.779592
0.507812 0.782271
0.515625 0.783136
0.53125 0.793536
0.539062 0.793557
0.546875 0.799359
0.5625 0.811046
0.585938 0.813704
0.59375 0.82402
0.601562 0.824294
0.609375 0.824906
0.625 0.825349
0.632812 0.826066
0.65625 0.827859
0.664062 0.828049
0.679688 0.828112
0.6875 0.828576
0.703125 0.830918
0.710938 0.831234
0.71875 0.831277
0.726562 0.831298
0.742188 0.833724
0.75 0.834715
0.765625 0.834947
0.773438 0.838787
0.78125 0.841086
0.796875 0.841761
0.8125 0.84193
0.820312 0.842078
0.84375 0.843217
0.859375 0.845706
0.875 0.846086
0.890625 0.846697
0.90625 0.846719
0.914062 0.846908
0.929688 0.847562
0.9375 0.858659
0.945312 0.858806
0.976562 0.858828
0.984375 0.863722
1 0.86389
1.01562 0.864101
1.03125 0.864165
1.03906 0.864228
1.05469 0.866591
1.0625 0.866717
1.07812 0.866738
1.09375 0.869312
1.11719 0.870789
1.125 0.871379
1.13281 0.871401
1.17188 0.873995
1.1875 0.874122
1.19531 0.874227
1.20312 0.874396
1.21094 0.874417
1.21875 0.874628
1.25 0.874797
1.26562 0.876042
1.28906 0.876253
1.3125 0.877687
1.32031 0.878278
1.32812 0.880261
1.33594 0.880324
1.375 0.882623
1.40625 0.886632
1.42188 0.888003
1.4375 0.888066
1.45312 0.888087
1.46094 0.888193
1.47656 0.888235
1.48438 0.888383
1.5 0.888636
1.52344 0.888762
1.53125 0.888889
1.54688 0.889648
1.5625 0.889691
1.58594 0.889838
1.59375 0.890028
1.61719 0.890091
1.625 0.892686
1.63281 0.892855
1.64062 0.895344
1.6875 0.895597
1.72656 0.900344
1.75 0.900492
1.75781 0.901209
1.78125 0.901335
1.80469 0.903782
1.8125 0.90393
1.82812 0.904605
1.85938 0.904647
1.875 0.905955
1.89062 0.905976
1.89844 0.909014
1.92969 0.914288
1.96875 0.915048
1.97656 0.915069
1.99219 0.915132
2 0.915237
2.03125 0.91528
2.03906 0.915364
2.0625 0.915385
2.07812 0.915427
2.10938 0.917938
2.125 0.918001
2.14844 0.918212
2.1875 0.918339
2.22656 0.923022
2.23438 0.923106
2.25 0.923739
2.25781 0.923781
2.26562 0.923823
2.29688 0.923908
2.32031 0.925152
2.34375 0.925258
2.375 0.925363
2.40625 0.925384
2.42188 0.925406
2.4375 0.925427
2.46094 0.926081
2.49219 0.926123
2.5 0.926249
2.52344 0.926292
2.53125 0.928823
2.57812 0.928844
2.625 0.928971
2.65625 0.929055
2.66406 0.929076
2.67188 0.929097
2.69531 0.92914
2.71875 0.929182
2.73438 0.929224
2.75 0.929266
2.78906 0.930511
2.8125 0.933
2.84375 0.933042
2.90625 0.933084
2.92188 0.933105
2.94531 0.933148
2.95312 0.940637
2.96875 0.940658
3 0.94262
3.04688 0.942641
3.09375 0.944961
3.11719 0.947176
3.125 0.950763
3.14844 0.950784
3.16406 0.950805
3.17188 0.95091
3.1875 0.950974
3.23438 0.950995
3.25 0.951037
3.28125 0.951079
3.32031 0.9511
3.375 0.9534
3.39062 0.953442
3.39844 0.953526
3.41406 0.953547
3.4375 0.953568
3.5 0.953653
3.51562 0.953674
3.5625 0.953716
3.58594 0.954982
3.59375 0.955003
3.625 0.955108
3.65625 0.955129
3.71094 0.955172
3.71875 0.955214
3.75 0.955425
3.78125 0.955446
3.79688 0.955551
3.85156 0.955572
3.85938 0.955594
3.875 0.955615
3.90625 0.958083
3.9375 0.960382
4 0.960403
4.00781 0.960488
4.07812 0.960551
4.125 0.960635
4.15625 0.960678
4.21875 0.960699
4.25 0.960825
4.26562 0.960846
4.29688 0.960867
4.375 0.960973
4.45312 0.961015
4.46875 0.961036
4.5 0.961142
4.53125 0.961184
4.60156 0.961205
4.64062 0.961226
4.6875 0.96131
4.75 0.961332
4.8125 0.961353
4.84375 0.961395
4.875 0.961437
4.98438 0.961458
5 0.961479
5.03125 0.961543
5.0625 0.961627
5.15625 0.961669
5.25 0.962386
5.28125 0.962429
5.3125 0.962513
5.39062 0.962534
5.46875 0.963167
5.5 0.963293
5.625 0.963399
5.6875 0.96342
5.75 0.963462
5.8125 0.963504
5.85938 0.963526
5.90625 0.964285
6 0.964369
6.10938 0.964412
6.25 0.964454
6.32812 0.968188
6.34375 0.968209
6.375 0.96823
6.53125 0.968272
6.5625 0.968293
6.75 0.968736
7 0.968778
7.03125 0.968821
7.125 0.968842
7.17188 0.968863
7.1875 0.968884
7.21875 0.968905
7.26562 0.968947
7.3125 0.968968
7.42188 0.968989
7.4375 0.96901
7.5 0.969053
7.5625 0.969074
7.59375 0.971521
7.8125 0.971605
7.875 0.974158
7.90625 0.974179
7.96875 0.974221
8 0.974348
8.01562 0.974369
8.125 0.974411
8.15625 0.974495
8.4375 0.97458
8.5 0.974622
8.53125 0.974643
8.625 0.974685
8.75 0.974727
8.90625 0.974748
9 0.974854
9.03125 0.974896
9.1875 0.977111
9.375 0.977153
9.5 0.977196
9.5625 0.977238
9.625 0.977259
9.75 0.977301
10 0.977322
10.125 0.977428
10.3125 0.977449
10.5 0.977512
10.625 0.977533
10.7812 0.977554
10.9375 0.978398
11.25 0.97844
11.5 0.978461
11.6875 0.978482
11.8125 0.978588
11.875 0.97863
12 0.978757
12.1875 0.97882
12.4688 0.978841
12.75 0.978862
13 0.978989
13.125 0.981457
13.2812 0.985191
13.5 0.985254
13.5625 0.985338
14 0.985592
14.0625 0.985697
14.25 0.985739
14.3438 0.985781
14.5 0.985803
14.625 0.985845
14.8438 0.988102
15 0.988165
15.125 0.988186
15.1875 0.988207
15.4062 0.98825
15.625 0.988271
15.75 0.988334
15.8125 0.988355
16 0.988524
16.4688 0.988545
16.5 0.988587
16.625 0.988608
17.2188 0.988629
17.5 0.988651
17.875 0.988672
18 0.988693
18.375 0.988735
18.5625 0.988756
18.75 0.988777
19 0.988798
19.125 0.988819
19.375 0.98884
19.5 0.988861
20 0.988904
20.1875 0.988925
21.125 0.988946
21.25 0.988967
21.375 0.988988
21.75 0.989009
21.875 0.989094
22 0.989157
22.3125 0.990992
23.25 0.991013
23.5625 0.991034
23.625 0.991119
23.75 0.99114
24 0.991245
24.5 0.991266
24.9375 0.991309
25 0.99133
26.125 0.991351
27 0.991393
27.125 0.991414
27.5 0.991456
28 0.991583
28.5 0.991646
28.75 0.991667
29 0.991688
29.25 0.991709
30 0.99173
31.5 0.991752
33.25 0.991773
33.75 0.991794
35.75 0.991815
36 0.991836
36.8125 0.991857
38.25 0.991878
39.875 0.991899
40 0.991941
40.375 0.991963
41.25 0.991984
42.25 0.992005
42.5 0.992026
44 0.992047
45.125 0.992068
47.25 0.99211
47.5 0.992131
48 0.993566
51 0.993587
52 0.993924
54 0.993967
56 0.996245
57 0.996266
60 0.998755
61.75 0.998798
63 0.998819
63.75 0.99884
64 0.998861
67.5 0.998924
68 0.998966
68.75 0.998987
71.25 0.999009
71.5 0.99903
72 0.999051
72.5 0.999072
73.625 0.999093
76 0.999114
80 0.999135
80.5 0.999156
80.75 0.999177
85 0.999198
85.5 0.999219
87.5 0.999241
88 0.999262
93.5 0.999283
105 0.999304
112 0.999325
114 0.999346
117 0.999367
128 0.999388
131.75 0.99943
142.5 0.999452
144 0.999473
147.25 0.999494
152 0.999515
170 0.999536
204 0.999557
212.5 0.999768
216 0.99981
225 0.999852
240 0.999873
272 0.999895
448 0.999937
864 0.999958
1024 1
