0 0.0546035
0.0078125 0.0577747
0.015625 0.0757939
0.0234375 0.0815272
0.03125 0.110446
0.0390625 0.113806
0.046875 0.135123
0.0546875 0.138399
0.0625 0.167864
0.0703125 0.173933
0.078125 0.194934
0.0859375 0.199744
0.09375 0.241305
0.101562 0.245506
0.109375 0.270749
0.117188 0.276735
0.125 0.309539
0.132812 0.312836
0.140625 0.33537
0.148438 0.340873
0.15625 0.372627
0.164062 0.376533
0.171875 0.395308
0.1875 0.434539
0.195312 0.437206
0.203125 0.46058
0.210938 0.463353
0.21875 0.493952
0.226562 0.493973
0.234375 0.516948
0.242188 0.517032
0.25 0.547106
0.257812 0.550151
0.265625 0.569325
0.273438 0.569724
0.28125 0.605931
0.296875 0.625924
0.304688 0.628801
0.3125 0.642725
0.328125 0.651063
0.34375 0.664041
0.351562 0.67177
0.359375 0.671833
0.375 0.691028
0.382812 0.691343
0.390625 0.692099
0.398438 0.694913
0.40625 0.708018
0.421875 0.71161
0.429688 0.712429
0.4375 0.730931
0.445312 0.733829
0.46875 0.753297
0.484375 0.753486
0.492188 0.755166
0.5 0.768355
0.507812 0.773501
0.515625 0.774215
0.53125 0.787172
0.546875 0.789231
0.5625 0.803364
0.585938 0.803763
0.59375 0.816469
0.601562 0.818233
0.609375 0.821153
0.625 0.823904
0.632812 0.823988
0.65625 0.825626
0.664062 0.825857
0.679688 0.825878
0.6875 0.826319
0.703125 0.83012
0.710938 0.830309
0.71875 0.83033
0.726562 0.83054
0.742188 0.83201
0.75 0.833081
0.765625 0.833312
0.773438 0.83495
0.78125 0.835202
0.796875 0.835895
0.8125 0.83619
0.820312 0.837996
0.84375 0.841419
0.859375 0.841692
0.875 0.842007
0.890625 0.842553
0.90625 0.842616
0.914062 0.845157
0.929688 0.845262
0.9375 0.848181
0.945312 0.848391
0.96875 0.848496
0.984375 0.851121
1 0.85131
1.01562 0.854083
1.03125 0.85465
1.03906 0.854776
1.05469 0.854881
1.0625 0.855154
1.09375 0.856792
1.11719 0.859543
1.125 0.862378
1.13281 0.862399
1.17188 0.862462
1.1875 0.862609
1.19531 0.862945
1.20312 0.865654
1.21094 0.865759
1.21875 0.869771
1.25 0.86996
1.26562 0.871766
1.28906 0.87668
1.3125 0.879746
1.32812 0.879851
1.33594 0.880124
1.35938 0.880145
1.36719 0.880166
1.375 0.880859
1.40625 0.881552
1.42188 0.885858
1.4375 0.886047
1.45312 0.886152
1.46094 0.88632
1.47656 0.887139
1.48438 0.889638
1.5 0.892515
1.52344 0.895077
1.53125 0.895119
1.54688 0.895413
1.5625 0.896862
1.58594 0.897051
1.59375 0.897387
1.61719 0.897408
1.625 0.897849
1.63281 0.900328
1.64062 0.903478
1.6875 0.903835
1.69531 0.903982
1.71875 0.904066
1.72656 0.904087
1.75 0.90415
1.75781 0.904234
1.78125 0.90457
1.79688 0.904675
1.80469 0.906964
1.8125 0.907027
1.82812 0.908455
1.85938 0.908854
1.875 0.90982
1.89844 0.909841
1.92969 0.909904
1.9375 0.910135
1.95312 0.910366
1.96875 0.910828
1.97656 0.91087
1.99219 0.912256
2 0.912403
2.03906 0.912424
2.0625 0.91484
2.10938 0.915071
2.125 0.915155
2.15625 0.915176
2.17969 0.915386
2.1875 0.915449
2.22656 0.916814
2.23438 0.916919
2.25 0.91694
2.26562 0.917045
2.32031 0.91715
2.34375 0.919565
2.375 0.919607
2.39062 0.919649
2.40625 0.919712
2.42188 0.919817
2.4375 0.919838
2.46094 0.921224
2.49219 0.921245
2.5 0.921329
2.52344 0.921371
2.53125 0.923933
2.53906 0.923975
2.57812 0.923996
2.625 0.926705
2.64062 0.926726
2.66406 0.926915
2.67188 0.92702
2.71875 0.927125
2.73438 0.927146
2.75 0.927167
2.8125 0.927251
2.84375 0.927272
2.875 0.927377
2.90625 0.927503
2.92188 0.927524
2.94531 0.927671
2.95312 0.927818
3 0.928364
3.04688 0.928385
3.0625 0.928448
3.09375 0.929793
3.11719 0.932124
3.125 0.932628
3.14844 0.932691
3.16406 0.93498
3.17188 0.935043
3.1875 0.935106
3.23438 0.935127
3.25 0.935211
3.375 0.937038
3.39062 0.937164
3.39844 0.937227
3.4375 0.937269
3.45312 0.937311
3.5 0.937395
3.5625 0.939201
3.60938 0.939222
3.625 0.939306
3.63281 0.939453
3.65625 0.939537
3.71094 0.939579
3.71875 0.939621
3.75 0.939705
3.79688 0.943758
3.85156 0.943821
3.875 0.943989
3.90625 0.944031
3.9375 0.944199
3.98438 0.94422
4 0.945544
4.0625 0.945565
4.07812 0.94567
4.11719 0.945838
4.125 0.945943
4.21875 0.950752
4.25 0.950836
4.30469 0.95092
4.3125 0.951088
4.35938 0.951235
4.375 0.951277
4.45312 0.951319
4.46875 0.95134
4.5 0.951424
4.60156 0.951655
4.64062 0.954343
4.6875 0.954427
4.75 0.954448
4.78125 0.954532
4.84375 0.954553
4.92188 0.954574
5 0.954679
5.04688 0.954721
5.0625 0.957241
5.15625 0.957283
5.25 0.957535
5.28125 0.957577
5.3125 0.957598
5.32812 0.95764
5.34375 0.957661
5.39062 0.957682
5.4375 0.957724
5.46875 0.958144
5.48438 0.958165
5.5 0.958207
5.625 0.958312
5.64062 0.958333
5.6875 0.958354
5.75 0.958564
5.90625 0.961085
6 0.961253
6.09375 0.961274
6.125 0.961295
6.1875 0.961547
6.25 0.961694
6.375 0.961715
6.5 0.961757
6.53125 0.961778
6.5625 0.961925
6.75 0.962156
6.79688 0.962177
6.82812 0.962219
6.875 0.96224
6.90625 0.962282
7 0.962366
7.125 0.962471
7.1875 0.962618
7.3125 0.962681
7.42188 0.962702
7.5 0.962828
7.5625 0.96287
7.59375 0.962933
7.71875 0.962975
7.8125 0.9677
7.875 0.968099
7.96875 0.968162
8 0.968456
8.01562 0.97211
8.125 0.972152
8.15625 0.972173
8.25 0.972215
8.3125 0.972257
8.4375 0.97232
8.5 0.972383
8.53125 0.972404
8.59375 0.974861
8.625 0.975029
8.71875 0.97505
8.75 0.975092
8.90625 0.975155
9 0.975281
9.03125 0.975302
9.0625 0.975323
9.1875 0.97547
9.20312 0.975512
9.375 0.975575
9.5 0.975596
9.5625 0.975659
9.6875 0.97568
9.75 0.975722
9.84375 0.975743
9.96875 0.975764
10 0.975806
10.0625 0.975932
10.125 0.975974
10.3125 0.976016
10.5 0.976205
10.6875 0.976289
10.875 0.976331
10.9375 0.976373
11 0.976584
11.25 0.976626
11.2812 0.976647
11.375 0.976668
11.5 0.976815
11.6875 0.976836
11.8125 0.976962
11.875 0.976983
12 0.977067
12.2188 0.977109
12.375 0.977151
12.5 0.977235
12.6875 0.977256
12.9375 0.977403
13 0.977445
13.0625 0.977508
13.125 0.977718
13.2812 0.979062
13.5 0.979146
13.5625 0.979167
13.6562 0.979188
13.8125 0.97923
14 0.979251
14.0625 0.979272
14.25 0.979293
14.375 0.979377
14.4375 0.982191
14.5 0.982212
14.5312 0.982233
14.625 0.982254
14.8438 0.982296
15 0.982338
15.4375 0.982359
15.5 0.982443
15.75 0.982632
15.8125 0.982758
16 0.982926
16.0312 0.982968
16.5 0.982989
16.625 0.983031
17 0.983073
17.0625 0.98322
17.25 0.983388
17.8125 0.983493
18 0.983556
18.0625 0.983577
18.375 0.987378
18.6875 0.987483
18.75 0.987504
19 0.987588
19.25 0.987609
19.6875 0.987672
20.125 0.987777
20.1875 0.987861
20.3125 0.987882
21 0.988407
21.375 0.988449
21.5625 0.988596
21.875 0.988827
22.3125 0.990234
22.5625 0.990255
23 0.99036
23.375 0.990381
23.625 0.990507
24 0.99057
24.4375 0.99078
24.9375 0.993385
25.875 0.993553
27 0.993574
27.125 0.993616
27.3125 0.993742
27.5 0.993805
27.625 0.993826
28 0.993889
28.125 0.99391
30.875 0.993952
31 0.994015
32 0.994225
33 0.994246
33.75 0.994288
34 0.994309
36 0.994372
36.25 0.994393
36.75 0.994414
37.5 0.994435
38 0.994477
40 0.99454
40.25 0.994561
40.375 0.994582
40.5 0.994603
42 0.994624
42.25 0.994645
42.5 0.994666
42.75 0.994687
44 0.994729
45.125 0.99475
46.5 0.994792
46.75 0.994813
47.125 0.994834
47.25 0.994855
47.5 0.994897
48 0.994918
48.75 0.994939
49.5 0.99496
50 0.995044
51 0.995065
54 0.995086
56 0.99517
57 0.995191
58.5 0.995233
59.5 0.995275
60 0.995296
61.75 0.995317
62 0.995401
63 0.995422
63.75 0.995443
64 0.995506
65 0.995527
66.5 0.99559
68 0.995632
68.875 0.995653
71.25 0.995674
72 0.995716
72.25 0.995737
73.625 0.995758
76 0.998131
77.5 0.998236
78.75 0.998257
80 0.998278
80.5 0.998299
80.75 0.998341
81 0.998362
82.5 0.998383
84 0.998404
88 0.998446
93 0.99853
95 0.998551
104.5 0.998593
108 0.998614
108.5 0.998782
124 0.998887
127.5 0.998929
130.5 0.99895
139.5 0.999034
144.5 0.999055
162 0.999076
170 0.999097
170.5 0.999202
186 0.999286
201.5 0.999328
217 0.999412
232.5 0.999454
237.5 0.999664
248 0.999748
263.5 0.999811
279 0.999895
294.5 0.999937
864 0.999958
1024 1
