0 0.0238047
0.0078125 0.025064
0.015625 0.0307511
0.0234375 0.0329853
0.03125 0.0415973
0.0390625 0.0428566
0.046875 0.0496608
0.0546875 0.0510623
0.0625 0.0598976
0.0703125 0.0621725
0.078125 0.0778527
0.0859375 0.0791729
0.09375 0.0954625
0.101562 0.0967218
0.109375 0.108644
0.117188 0.110838
0.125 0.123106
0.132812 0.124325
0.140625 0.131048
0.148438 0.132266
0.15625 0.148617
0.164062 0.15079
0.171875 0.162774
0.179688 0.164074
0.1875 0.180505
0.195312 0.181846
0.203125 0.187655
0.210938 0.189808
0.21875 0.202218
0.226562 0.203741
0.234375 0.214344
0.242188 0.215501
0.25 0.227566
0.257812 0.229801
0.265625 0.241581
0.273438 0.243145
0.28125 0.253158
0.289062 0.254519
0.296875 0.260166
0.304688 0.262623
0.3125 0.27154
0.320312 0.27284
0.328125 0.279847
0.335938 0.281046
0.34375 0.290368
0.351562 0.295203
0.359375 0.300747
0.367188 0.301925
0.375 0.318012
0.382812 0.31921
0.390625 0.327294
0.398438 0.328269
0.40625 0.341959
0.421875 0.347605
0.429688 0.347747
0.4375 0.358126
0.445312 0.359081
0.453125 0.366129
0.46875 0.378844
0.484375 0.38577
0.492188 0.39036
0.5 0.401146
0.507812 0.401267
0.515625 0.410651
0.53125 0.421721
0.539062 0.422675
0.546875 0.430698
0.5625 0.443413
0.578125 0.447821
0.585938 0.448877
0.59375 0.456595
0.601562 0.456778
0.609375 0.462445
0.625 0.484888
0.632812 0.485965
0.640625 0.49019
0.65625 0.502945
0.664062 0.503026
0.671875 0.507353
0.679688 0.508328
0.6875 0.515985
0.703125 0.525267
0.710938 0.527948
0.71875 0.535524
0.726562 0.536438
0.734375 0.540724
0.742188 0.540805
0.75 0.558273
0.765625 0.56266
0.773438 0.563858
0.78125 0.56721
0.796875 0.568428
0.8125 0.571698
0.820312 0.575334
0.84375 0.579742
0.859375 0.579985
0.867188 0.580859
0.875 0.588821
0.890625 0.589999
0.898438 0.59006
0.90625 0.593269
0.914062 0.594325
0.929688 0.594345
0.9375 0.599078
0.945312 0.59922
0.960938 0.600418
0.96875 0.603567
0.976562 0.603689
0.984375 0.604988
1 0.611529
1.00781 0.612666
1.01562 0.612829
1.03125 0.617317
1.03906 0.617358
1.05469 0.618455
1.0625 0.621684
1.07812 0.622923
1.09375 0.626214
1.10156 0.62727
1.11719 0.633587
1.125 0.645083
1.13281 0.645164
1.14844 0.646179
1.15625 0.649368
1.17188 0.649734
1.1875 0.653024
1.19531 0.653045
1.20312 0.656782
1.21094 0.656863
1.21875 0.660357
1.25 0.667039
1.25781 0.667283
1.26562 0.67035
1.28125 0.6736
1.28906 0.673762
1.3125 0.677662
1.32031 0.677682
1.32812 0.677743
1.33594 0.677845
1.34375 0.681033
1.35938 0.681358
1.36719 0.68148
1.375 0.68798
1.40625 0.691656
1.4375 0.694926
1.44531 0.695048
1.45312 0.695292
1.46094 0.698014
1.46875 0.701162
1.47656 0.701568
1.48438 0.70171
1.5 0.708494
1.52344 0.708575
1.53125 0.711967
1.54688 0.712272
1.5625 0.712394
1.58594 0.712495
1.59375 0.712841
1.60156 0.712902
1.625 0.716253
1.63281 0.716355
1.64062 0.716781
1.67969 0.716883
1.6875 0.720011
1.69531 0.720031
1.71875 0.720214
1.73438 0.720457
1.75 0.72647
1.75781 0.726571
1.78125 0.726815
1.79688 0.726916
1.80469 0.727079
1.8125 0.72714
1.82812 0.727404
1.83594 0.727485
1.85938 0.727526
1.875 0.731486
1.89062 0.731507
1.89844 0.731568
1.91406 0.73175
1.92188 0.732035
1.9375 0.732055
1.95312 0.732096
1.96875 0.732725
1.97656 0.732827
1.99219 0.732888
2 0.736199
2.01562 0.736463
2.02344 0.736524
2.03125 0.736625
2.03906 0.736666
2.0625 0.737316
2.07812 0.737377
2.10938 0.737681
2.125 0.740951
2.13281 0.741094
2.14844 0.741134
2.15625 0.741398
2.1875 0.741642
2.20312 0.741947
2.22656 0.741967
2.23438 0.742048
2.24219 0.74217
2.25 0.745704
2.25781 0.745724
2.26562 0.74934
2.29688 0.75001
2.3125 0.750051
2.32031 0.750132
2.34375 0.752854
2.35156 0.752894
2.375 0.756286
2.39062 0.756327
2.40625 0.761709
2.42188 0.761791
2.4375 0.761953
2.46094 0.762075
2.49219 0.762116
2.5 0.765447
2.51562 0.765508
2.53125 0.76567
2.53906 0.769265
2.5625 0.769367
2.57031 0.769468
2.57812 0.769712
2.60156 0.769732
2.625 0.777024
2.64062 0.777065
2.65625 0.777207
2.66406 0.777227
2.67188 0.777268
2.67969 0.777349
2.6875 0.77741
2.69531 0.77743
2.71875 0.777511
2.73438 0.777572
2.75 0.780843
2.78906 0.780863
2.8125 0.783727
2.83594 0.783747
2.84375 0.787383
2.875 0.790632
2.88281 0.790673
2.92188 0.790754
2.92969 0.794329
2.9375 0.794349
2.95312 0.794431
2.96875 0.798087
3 0.801682
3.02344 0.801722
3.04688 0.804444
3.0625 0.804525
3.09375 0.804627
3.125 0.81068
3.14844 0.8107
3.16406 0.810781
3.17188 0.810801
3.17969 0.810862
3.1875 0.810944
3.20312 0.810964
3.23438 0.811187
3.25 0.814376
3.26562 0.818012
3.28125 0.818093
3.30469 0.818154
3.32031 0.818174
3.35156 0.818235
3.35938 0.818256
3.375 0.821688
3.39062 0.821709
3.39844 0.821729
3.4375 0.821851
3.44531 0.821871
3.45312 0.821891
3.5 0.825283
3.51562 0.825324
3.52344 0.828899
3.55469 0.828919
3.5625 0.829
3.58594 0.829102
3.60938 0.829183
3.625 0.832494
3.63281 0.836069
3.65625 0.836211
3.69531 0.836251
3.71875 0.836272
3.75 0.842426
3.75781 0.842467
3.77344 0.842487
3.78125 0.842528
3.79688 0.842568
3.82812 0.842609
3.84375 0.842629
3.85938 0.84267
3.86719 0.84269
3.875 0.84596
3.90625 0.849575
3.9375 0.849677
3.95312 0.849779
3.98438 0.849799
4 0.85313
4.00781 0.853171
4.03906 0.853211
4.04688 0.853232
4.07812 0.853272
4.125 0.856745
4.13281 0.856766
4.16406 0.856786
4.21094 0.856827
4.21875 0.856908
4.25 0.860219
4.29688 0.860239
4.375 0.863509
4.40625 0.86355
4.45312 0.86357
4.49219 0.86359
4.5 0.870496
4.53125 0.870557
4.57031 0.874172
4.625 0.877402
4.64062 0.882683
4.64844 0.882703
4.67188 0.882744
4.6875 0.882865
4.75 0.886176
4.75781 0.886197
4.77344 0.888878
4.78125 0.892452
4.80469 0.892513
4.8125 0.892534
4.84375 0.892574
4.875 0.895946
4.89844 0.895966
4.92188 0.898708
4.97656 0.898871
5 0.90212
5.03125 0.902181
5.03906 0.902222
5.0625 0.902263
5.07812 0.902283
5.08594 0.902324
5.125 0.905512
5.15625 0.905655
5.17969 0.905675
5.21094 0.905695
5.25 0.908986
5.28125 0.909006
5.32812 0.909026
5.34375 0.909047
5.35938 0.909087
5.375 0.912337
5.39062 0.912378
5.4375 0.912439
5.46875 0.912499
5.48438 0.91252
5.5 0.91581
5.57812 0.915891
5.625 0.919222
5.67188 0.919243
5.6875 0.919324
5.71094 0.919344
5.75 0.922635
5.76562 0.922655
5.8125 0.922757
5.875 0.926027
5.89062 0.926067
5.90625 0.926149
5.9375 0.92623
6 0.929561
6.09375 0.929581
6.11719 0.929601
6.125 0.932912
6.1875 0.933197
6.23438 0.933258
6.25 0.933298
6.29688 0.933318
6.34375 0.933339
6.375 0.935979
6.46875 0.93602
6.5 0.93604
6.50781 0.936081
6.53125 0.936101
6.5625 0.936264
6.60938 0.936284
6.64062 0.936324
6.71875 0.936385
6.75 0.936568
6.78125 0.936589
6.79688 0.936649
6.82812 0.93669
6.83594 0.936751
6.875 0.936771
6.89062 0.936832
6.97656 0.936853
7.02344 0.936893
7.03125 0.936914
7.10938 0.936934
7.125 0.939635
7.17188 0.943251
7.1875 0.943271
7.21875 0.943291
7.22656 0.943515
7.25 0.943535
7.26562 0.943555
7.27344 0.943576
7.3125 0.943616
7.36719 0.943637
7.4375 0.943677
7.5 0.943758
7.54688 0.943779
7.70312 0.943819
7.71094 0.94386
7.71875 0.943901
7.80469 0.943941
7.8125 0.943961
7.875 0.944083
7.90625 0.944124
7.92969 0.944144
7.99219 0.944185
8 0.944246
8.00781 0.944266
8.01562 0.944286
8.03906 0.949588
8.15625 0.949628
8.20312 0.949649
8.22656 0.949689
8.23438 0.94971
8.25 0.94973
8.26562 0.94975
8.4375 0.94977
8.5 0.949831
8.59375 0.949852
8.625 0.949913
8.67188 0.949933
8.75 0.950035
8.85938 0.950055
8.9375 0.950075
8.96094 0.950095
9 0.950177
9.03125 0.950197
9.07031 0.953772
9.1875 0.953873
9.28125 0.954016
9.29688 0.954036
9.34375 0.954056
9.375 0.954178
9.40625 0.954198
9.5 0.954219
9.51562 0.954259
9.5625 0.95428
9.625 0.95432
9.6875 0.95434
9.74219 0.954361
9.75 0.954381
9.84375 0.954442
9.96875 0.954462
10 0.954483
10.0625 0.954503
10.125 0.954584
10.25 0.954605
10.2812 0.954645
10.3125 0.954686
10.3359 0.957347
10.4219 0.957387
10.5 0.957448
10.5469 0.957468
10.6875 0.957509
10.7188 0.957529
10.7812 0.95755
10.875 0.95757
10.9375 0.957611
10.9688 0.957651
11 0.957672
11.1016 0.957692
11.1562 0.957712
11.25 0.957773
11.375 0.957793
11.3906 0.957854
11.4844 0.957875
11.5 0.957895
11.7188 0.957915
11.75 0.957936
11.7812 0.957997
12 0.958078
12.1094 0.958098
12.1406 0.958118
12.1719 0.958139
12.1875 0.958159
12.2344 0.958179
12.25 0.95822
12.375 0.95824
12.4688 0.958281
12.5 0.958362
12.6562 0.958382
12.75 0.958403
12.7656 0.958423
13.0781 0.958443
13.125 0.958464
13.5 0.962201
13.5938 0.962221
13.6562 0.962242
13.6719 0.962262
13.75 0.962302
13.7812 0.962323
13.8125 0.962343
14 0.962384
14.0469 0.962404
14.0625 0.962485
14.2188 0.962506
14.25 0.962587
14.3438 0.962607
14.4375 0.962668
14.5 0.962688
14.625 0.962749
14.6875 0.96277
14.875 0.96279
15 0.962851
15.0156 0.962871
15.125 0.962891
15.1875 0.962932
15.3125 0.962973
15.4375 0.963013
15.75 0.963054
15.8125 0.963074
15.8594 0.963095
15.9375 0.963115
15.9844 0.963135
16 0.963216
16.0312 0.966812
16.125 0.966832
16.1719 0.966852
16.3125 0.966872
16.5 0.966913
16.625 0.966933
16.7656 0.966954
16.875 0.966974
16.9531 0.966994
17.0625 0.967015
17.1875 0.967116
17.2188 0.967137
17.4688 0.967157
17.5 0.967177
17.875 0.967218
17.9688 0.970793
18.375 0.974367
18.5625 0.974388
18.5781 0.974408
18.6875 0.974428
18.75 0.974469
18.8125 0.974489
19 0.974509
19.25 0.97453
19.375 0.97455
19.4062 0.97457
19.4844 0.974591
19.5 0.974611
19.6562 0.974631
19.6875 0.974652
19.9375 0.974692
20 0.974713
20.125 0.974733
20.25 0.974794
20.3125 0.974814
20.3438 0.974834
20.5 0.974875
20.6719 0.974895
20.7188 0.974916
21 0.974936
21.0938 0.974956
21.5625 0.974977
21.75 0.975017
21.7812 0.975058
21.875 0.977698
22 0.97778
22.5 0.97782
22.6562 0.977881
22.75 0.977901
22.9688 0.977922
23 0.977962
23.25 0.977983
23.375 0.978023
23.4375 0.978064
23.5625 0.978125
23.625 0.978145
23.75 0.978165
24 0.978186
24.375 0.978206
24.75 0.978247
24.9375 0.978287
25 0.978328
25.3125 0.978633
25.375 0.978653
25.4375 0.978673
25.875 0.978694
26.0312 0.978714
26.25 0.978734
26.4375 0.978775
26.5625 0.978815
26.9062 0.978836
27 0.978897
27.5 0.978917
27.5625 0.978958
27.75 0.978978
28 0.979079
28.0938 0.9791
28.6875 0.97912
28.875 0.979181
29.0625 0.979201
29.6875 0.979222
29.75 0.979242
29.9062 0.979283
30 0.979323
30.0625 0.979364
30.375 0.979384
31.5 0.979445
31.7188 0.979465
31.9688 0.979486
32 0.97975
32.375 0.97977
32.8125 0.979811
33 0.979831
33.25 0.979851
33.6875 0.979872
33.7812 0.979892
34.125 0.979912
34.5 0.979933
34.6875 0.979953
35 0.979994
35.625 0.980014
35.8438 0.980034
35.9375 0.980054
36 0.980095
36.125 0.980115
36.25 0.980156
36.5625 0.980176
36.7188 0.980217
37 0.980258
37.5 0.980339
37.9688 0.980379
38 0.9804
38.2812 0.980501
38.5 0.980522
38.75 0.980542
38.8125 0.980562
39 0.980603
40 0.980684
40.5 0.980786
40.6875 0.980806
41.25 0.980826
42 0.980867
42.1875 0.980887
42.25 0.980908
42.5938 0.980928
43 0.980948
43.3125 0.980968
43.75 0.980989
43.875 0.981009
43.9375 0.981029
44 0.98105
44.625 0.984624
47 0.984848
48 0.984888
48.875 0.984909
50 0.984929
50.3125 0.984949
50.375 0.98497
51.1875 0.98761
52 0.98763
52.25 0.987651
53.1875 0.987671
54 0.987712
54.25 0.987732
56 0.987752
57 0.987813
57.75 0.990474
58.1875 0.990494
60.5 0.990515
60.75 0.990535
61.25 0.990555
61.6875 0.990637
62 0.990677
62.5 0.990738
63 0.990779
65.875 0.990799
68 0.99086
68.75 0.99088
69 0.990901
70 0.990962
71.25 0.990982
73.4375 0.991205
74.25 0.991226
76 0.991246
78 0.991266
80 0.991307
81 0.991327
82 0.991551
82.5 0.991571
83.25 0.991591
84 0.991632
85.5 0.991652
87 0.991672
87.5 0.991693
88 0.991713
88.125 0.991733
91.0625 0.991774
92 0.991855
94.5 0.991876
96 0.991896
96.25 0.991916
99.75 0.991936
99.875 0.991957
100 0.991997
104 0.992018
104.5 0.992038
105 0.992058
108 0.994394
109.25 0.994414
112 0.994455
114 0.994475
115 0.994516
116.375 0.994536
120.75 0.994557
124 0.994577
127.5 0.994618
131.75 0.994658
132 0.994678
133.25 0.994699
143.5 0.994719
145 0.99476
147.25 0.99478
152 0.998314
152.25 0.998334
154 0.998355
156.75 0.998375
160 0.998477
161.5 0.998497
162.75 0.998517
165 0.998538
168 0.998558
172 0.998578
175.5 0.998599
175.75 0.998619
176 0.998659
180 0.99868
186 0.9987
187 0.99872
188.5 0.998741
192 0.998761
198 0.998781
213.75 0.998802
220 0.998822
253 0.998842
290.25 0.998883
304 0.998924
323 0.998944
336 0.998964
343 0.998984
352.5 0.999005
357 0.999025
365.5 0.999066
368 0.999086
384 0.999106
387 0.999127
405 0.999147
437 0.999167
456 0.999188
500 0.999228
525 0.999452
560 0.999472
574 0.999492
608 0.999513
640 0.999533
752 0.999553
864 0.999573
912 0.999594
950 0.999614
988 0.999634
1056 0.999655
1064 0.999675
1140 0.999695
1178 0.999716
1254 0.999736
1326 0.999756
1330 0.999777
1406 0.999797
1558 0.999817
1634 0.999838
1824 0.999858
2160 0.999898
2432 0.999939
2812 0.999959
3572 0.99998
3744 1
