0 0.0200104
0.0078125 0.02204
0.015625 0.0256694
0.0234375 0.0277389
0.03125 0.033655
0.0390625 0.0356908
0.046875 0.0393741
0.0546875 0.0415178
0.0625 0.0554676
0.0703125 0.0629389
0.078125 0.0665737
0.0859375 0.068608
0.09375 0.0747659
0.101562 0.0768002
0.109375 0.0806436
0.117188 0.0827124
0.125 0.097036
0.132812 0.099067
0.140625 0.108266
0.148438 0.110298
0.15625 0.116207
0.164062 0.118277
0.171875 0.122015
0.179688 0.124047
0.1875 0.138164
0.195312 0.140198
0.203125 0.144153
0.210938 0.151715
0.21875 0.157617
0.226562 0.159645
0.234375 0.163437
0.242188 0.165467
0.25 0.17979
0.257812 0.181862
0.265625 0.185496
0.273438 0.187532
0.28125 0.198991
0.289062 0.20102
0.296875 0.204879
0.304688 0.207059
0.3125 0.221116
0.320312 0.223147
0.328125 0.22702
0.335938 0.22906
0.34375 0.234975
0.351562 0.242442
0.359375 0.246076
0.367188 0.248105
0.375 0.262478
0.382812 0.26451
0.390625 0.266328
0.398438 0.266363
0.40625 0.270324
0.421875 0.277378
0.429688 0.277382
0.4375 0.289426
0.445312 0.289461
0.453125 0.291066
0.46875 0.294984
0.484375 0.296582
0.492188 0.30202
0.5 0.314315
0.515625 0.316076
0.53125 0.31995
0.539062 0.319986
0.546875 0.321693
0.5625 0.339273
0.578125 0.340876
0.585938 0.340919
0.59375 0.344882
0.601562 0.344893
0.609375 0.346761
0.625 0.359053
0.632812 0.364591
0.640625 0.36619
0.65625 0.370232
0.664062 0.370233
0.671875 0.371833
0.679688 0.371868
0.6875 0.383881
0.703125 0.390928
0.710938 0.390937
0.71875 0.394903
0.726562 0.394941
0.734375 0.396542
0.742188 0.396545
0.75 0.408979
0.765625 0.410578
0.773438 0.416023
0.78125 0.418295
0.796875 0.418369
0.8125 0.428785
0.820312 0.428826
0.84375 0.436539
0.859375 0.436546
0.867188 0.436581
0.875 0.447274
0.890625 0.447322
0.898438 0.447327
0.90625 0.449593
0.914062 0.455033
0.929688 0.455036
0.9375 0.465397
0.945312 0.465398
0.960938 0.465435
0.96875 0.467701
0.976562 0.467704
0.984375 0.473158
1 0.483857
1.00781 0.483891
1.01562 0.483898
1.03125 0.486279
1.03906 0.48628
1.05469 0.49184
1.0625 0.502213
1.07812 0.502256
1.09375 0.504538
1.10156 0.504574
1.11719 0.504671
1.125 0.520806
1.13281 0.520808
1.14844 0.520846
1.15625 0.523114
1.17188 0.523223
1.1875 0.533546
1.19531 0.538948
1.20312 0.538954
1.21875 0.541228
1.25 0.551919
1.25781 0.55192
1.26562 0.55733
1.28125 0.559605
1.28906 0.55961
1.3125 0.57005
1.32031 0.570051
1.32812 0.570057
1.33594 0.575459
1.34375 0.577724
1.35938 0.577734
1.36719 0.57774
1.375 0.588468
1.40625 0.596359
1.42188 0.596474
1.4375 0.606795
1.44531 0.606797
1.45312 0.606806
1.46094 0.606807
1.46875 0.60907
1.47656 0.614474
1.48438 0.614479
1.5 0.625177
1.52344 0.625294
1.53125 0.627565
1.54688 0.632977
1.5625 0.641038
1.58594 0.64104
1.59375 0.641057
1.60156 0.64106
1.61719 0.646462
1.625 0.654888
1.63281 0.65489
1.64062 0.655004
1.67969 0.655009
1.6875 0.668482
1.69531 0.668482
1.71875 0.668696
1.72656 0.668697
1.73438 0.668705
1.75 0.677246
1.75781 0.68265
1.78125 0.68266
1.79688 0.682662
1.80469 0.682666
1.8125 0.690721
1.82812 0.696135
1.83594 0.696137
1.85938 0.69614
1.875 0.704576
1.89062 0.704577
1.89844 0.709978
1.91406 0.709983
1.92188 0.709993
1.9375 0.718047
1.95312 0.718048
1.96875 0.723459
1.97656 0.72346
2 0.73188
2.01562 0.73189
2.02344 0.731893
2.03125 0.731894
2.03906 0.737296
2.0625 0.745357
2.07812 0.745361
2.10938 0.750772
2.125 0.759195
2.13281 0.7592
2.14844 0.759202
2.15625 0.759214
2.17969 0.764612
2.1875 0.772668
2.20312 0.772675
2.22656 0.772676
2.23438 0.772679
2.24219 0.77268
2.25 0.786528
2.26562 0.78653
2.29688 0.786541
2.3125 0.794594
2.32031 0.799996
2.34375 0.800002
2.35156 0.800006
2.375 0.808429
2.39062 0.81383
2.40625 0.813832
2.42188 0.813833
2.4375 0.822095
2.46094 0.827513
2.49219 0.827517
2.5 0.835939
2.51562 0.83594
2.52344 0.835941
2.53125 0.841345
2.53906 0.841345
2.5625 0.8494
2.57031 0.849402
2.57812 0.849502
2.60156 0.854904
2.625 0.863329
2.64062 0.863329
2.65625 0.863331
2.66406 0.863333
2.67188 0.868736
2.67969 0.868738
2.6875 0.876791
2.69531 0.876886
2.71875 0.876891
2.73438 0.876894
2.74219 0.882297
2.75 0.890725
2.8125 0.904182
2.83594 0.904184
2.84375 0.904186
2.875 0.912609
2.88281 0.918009
2.89062 0.918123
2.90625 0.918125
2.92188 0.918239
2.9375 0.92629
2.94531 0.926387
2.95312 0.931788
2.96875 0.931788
3 0.940215
3.00781 0.940217
3.02344 0.945617
3.04688 0.94573
3.0625 0.953782
3.09375 0.959181
3.125 0.959555
3.14844 0.959555
3.16406 0.964957
3.17969 0.964959
3.1875 0.964962
3.20312 0.964963
3.23438 0.970364
3.25 0.970734
3.26562 0.970736
3.28125 0.970738
3.30469 0.976138
3.35156 0.976252
3.35938 0.976254
3.375 0.98203
3.39062 0.982031
3.4375 0.982035
3.44531 0.987436
3.45312 0.987553
3.46875 0.987555
3.5 0.987927
3.51562 0.987931
3.52344 0.987931
3.55469 0.988028
3.5625 0.98803
3.58594 0.988031
3.59375 0.988033
3.60938 0.988039
3.625 0.98841
3.63281 0.988506
3.65625 0.98851
3.67188 0.988511
3.71094 0.988511
3.75 0.988887
3.77344 0.988888
3.78125 0.988889
3.79688 0.988891
3.82812 0.988893
3.84375 0.988895
3.85156 0.988896
3.85938 0.988899
3.86719 0.988903
3.875 0.989275
3.90625 0.989277
3.9375 0.989281
3.95312 0.989378
3.96094 0.989379
4 0.989765
4.00781 0.989766
4.03125 0.989767
4.03906 0.989769
4.04688 0.989769
4.0625 0.989772
4.07812 0.989774
4.10156 0.989777
4.125 0.990147
4.13281 0.990148
4.21094 0.990149
4.21875 0.990152
4.25 0.990525
4.26562 0.990833
4.30469 0.990834
4.3125 0.990837
4.35938 0.990838
4.36719 0.990839
4.375 0.991321
4.40625 0.991323
4.45312 0.991325
4.5 0.991698
4.53125 0.9917
4.57031 0.991818
4.59375 0.991819
4.625 0.99219
4.64062 0.992194
4.67188 0.992196
4.6875 0.992201
4.75 0.992571
4.77344 0.992571
4.78125 0.992573
4.80469 0.992573
4.8125 0.992575
4.875 0.992949
4.92188 0.992953
4.98438 0.992954
5 0.993325
5.0625 0.993326
5.08594 0.993327
5.125 0.993696
5.15625 0.993696
5.17969 0.993697
5.19531 0.993698
5.25 0.994067
5.28125 0.994068
5.3125 0.994068
5.34375 0.994069
5.35938 0.99407
5.375 0.99444
5.39062 0.994539
5.4375 0.99454
5.5 0.994911
5.50781 0.994911
5.57812 0.995009
5.625 0.99559
5.64062 0.995591
5.6875 0.995592
5.74219 0.995592
5.75 0.995962
5.84375 0.995964
5.875 0.996335
5.89062 0.996337
5.90625 0.996433
6 0.996819
6.04688 0.99682
6.07031 0.99682
6.09375 0.996822
6.10938 0.996822
6.11719 0.996824
6.125 0.997195
6.1875 0.997199
6.23438 0.997201
6.25 0.997204
6.29688 0.997206
6.32812 0.997206
6.34375 0.997208
6.46875 0.997209
6.5 0.997212
6.50781 0.997212
6.53125 0.997213
6.53906 0.997214
6.5625 0.997218
6.57031 0.99722
6.67969 0.99722
6.75 0.997224
6.79688 0.997226
6.82812 0.997227
6.875 0.997227
6.90625 0.997228
6.96094 0.997341
7.125 0.997343
7.1875 0.997344
7.25 0.997345
7.27344 0.997346
7.34375 0.997347
7.42188 0.997355
7.4375 0.997357
7.5 0.99736
7.54688 0.997361
7.59375 0.997362
7.65625 0.997362
7.6875 0.997363
7.71875 0.997364
7.72656 0.997365
7.75 0.997366
7.80469 0.997367
7.8125 0.997463
7.875 0.997464
7.90625 0.997465
7.92188 0.997466
8 0.997467
8.0625 0.99758
8.08594 0.997581
8.125 0.997582
8.15625 0.997679
8.20312 0.997679
8.25 0.997682
8.3125 0.997683
8.4375 0.997686
8.5 0.997688
8.59375 0.997689
8.625 0.99769
8.64844 0.997691
8.67188 0.997692
8.75 0.997692
8.76562 0.997694
8.78906 0.997694
8.80469 0.997695
8.83594 0.997696
8.85938 0.997791
9 0.997792
9.03125 0.997793
9.0625 0.997794
9.07031 0.99789
9.14062 0.997891
9.17969 0.997893
9.20312 0.997893
9.28125 0.998006
9.28906 0.998007
9.34375 0.998008
9.375 0.998009
9.40625 0.99801
9.49219 0.998011
9.5 0.998012
9.51562 0.998014
9.5625 0.998016
9.625 0.998016
9.6875 0.998017
9.70312 0.998022
9.82812 0.998022
9.91406 0.998024
9.96875 0.998026
10.0625 0.998026
10.0938 0.998028
10.125 0.99803
10.1719 0.998031
10.1953 0.998033
10.25 0.998034
10.3125 0.998036
10.4141 0.998036
10.4219 0.998037
10.5 0.998039
10.5469 0.998041
10.5625 0.998043
10.625 0.998043
10.6875 0.998045
10.875 0.998047
10.9375 0.998047
10.9688 0.998161
11 0.998163
11.1406 0.998164
11.25 0.998165
11.3828 0.998166
11.3906 0.998167
11.5 0.998169
11.625 0.99817
11.6875 0.998171
11.7188 0.998267
11.875 0.998269
12 0.99828
12.1406 0.998281
12.1875 0.998282
12.2188 0.998282
12.25 0.998284
12.375 0.998284
12.4688 0.998285
12.5 0.998288
12.5938 0.998288
12.6562 0.99829
12.6875 0.998291
12.9375 0.998292
13.0625 0.998292
13.0781 0.998294
13.125 0.998296
13.2812 0.998296
13.5 0.998298
13.75 0.998299
13.7812 0.9983
13.875 0.9983
14.0625 0.998302
14.1094 0.998302
14.25 0.998303
14.375 0.998304
14.4375 0.998307
14.4531 0.998308
14.625 0.998309
14.8438 0.99831
14.875 0.998311
15 0.998314
15.0938 0.998315
15.2344 0.998315
15.4375 0.998316
15.5 0.998317
15.625 0.998318
15.75 0.998326
15.8125 0.998327
15.8594 0.998327
15.9375 0.998328
16 0.998329
16.0312 0.99833
16.1875 0.998331
16.3125 0.998332
16.4062 0.998335
16.4531 0.998336
16.4688 0.998336
16.5 0.998338
16.7656 0.998338
16.875 0.99834
16.8906 0.99834
17 0.998341
17.0625 0.998342
17.1875 0.998345
17.2188 0.998346
17.2969 0.998458
17.5 0.998461
17.5312 0.998462
17.7188 0.998463
17.9219 0.998464
18 0.998474
18.0625 0.998475
18.125 0.998477
18.375 0.998479
18.5625 0.998479
18.6875 0.99848
18.75 0.998489
19 0.99849
19.0312 0.998491
19.125 0.998492
19.2188 0.998493
19.375 0.998493
19.8281 0.998494
19.8594 0.998495
19.9375 0.998497
20 0.998499
20.125 0.9985
20.1875 0.998501
20.25 0.998502
20.3125 0.998503
20.3906 0.998504
20.5 0.998506
21 0.998507
21.125 0.998508
21.5 0.998509
21.5625 0.99851
21.75 0.998512
21.875 0.998626
21.9375 0.998627
22 0.998628
22.5 0.99863
22.5625 0.998631
22.75 0.998632
22.8438 0.998633
23.25 0.998635
23.375 0.998636
23.625 0.998638
23.75 0.99864
24 0.998652
24.1875 0.998653
24.375 0.998653
24.75 0.998655
25 0.998769
25.375 0.99877
25.5 0.998772
25.875 0.998773
26 0.998774
26.125 0.998775
26.25 0.998889
26.5938 0.99889
26.8125 0.99889
27 0.998892
27.3125 0.998893
27.5 0.998894
27.5625 0.998991
27.8438 0.998992
28 0.998994
28.5 0.998996
28.6875 0.998996
28.875 0.998997
29 0.998998
29.25 0.998998
29.5312 0.998999
29.5625 0.999
29.6875 0.999002
30 0.999011
30.0625 0.999012
30.375 0.999013
30.875 0.999013
30.9062 0.999014
31.25 0.999015
31.5 0.999129
32 0.999213
32.1562 0.999214
32.3125 0.999214
32.375 0.999215
33.0625 0.999216
33.3125 0.999216
33.5938 0.999219
33.7812 0.99922
34 0.999221
34.125 0.999222
35.9375 0.999223
36 0.999235
36.2812 0.999236
36.7188 0.999237
37.125 0.999237
37.1875 0.999238
37.5 0.999239
37.7812 0.999239
37.9688 0.999241
38 0.999242
38.1875 0.999243
39 0.999243
39.375 0.999244
39.6562 0.999245
39.8125 0.999245
40 0.999247
40.25 0.999247
42 0.999258
43.125 0.999258
43.5938 0.999259
43.9375 0.99926
44 0.999263
45 0.999264
45.5 0.999264
45.5625 0.999265
45.9375 0.999267
48 0.99928
48.125 0.99928
50 0.999281
51 0.999282
51.1875 0.999284
52.25 0.999285
52.5 0.999286
52.875 0.999287
53.4375 0.999287
54 0.999297
54.625 0.999298
54.6875 0.999299
55.125 0.9993
57.5 0.999301
58.1875 0.999301
60 0.999313
60.375 0.999314
61.25 0.999314
61.6875 0.999409
63.4375 0.99941
64 0.999411
64.625 0.999411
65 0.999412
65.875 0.999413
66 0.999424
67.5 0.999424
68 0.999426
69 0.999427
70 0.999428
70.5 0.999428
70.875 0.999429
71.5 0.99943
72 0.999444
74.3125 0.999445
75 0.999446
77.5 0.999447
78 0.999456
78.625 0.999457
78.75 0.999457
79.3125 0.999458
80.5 0.999459
81 0.999459
83.3125 0.99946
84 0.99947
87 0.999471
88 0.999473
88.8125 0.999474
90 0.999482
92 0.999483
94 0.999484
94.9375 0.999484
95 0.999485
96 0.999494
96.75 0.999495
99 0.999496
102 0.999505
104 0.999506
104.5 0.999507
104.625 0.999507
108 0.999518
109.375 0.999519
112 0.999519
112.5 0.99952
114 0.999529
114.75 0.99953
117.5 0.99953
118.75 0.999531
120 0.999543
126 0.999552
127.875 0.999553
128.25 0.999554
130.5 0.999555
132 0.999565
136 0.999565
137.75 0.999566
138 0.999577
139.5 0.999579
140 0.999579
143 0.99958
144 0.999592
144.5 0.999592
147 0.999593
148 0.999594
148.5 0.999595
148.75 0.999596
150 0.999607
154 0.999608
156 0.999627
156.75 0.999627
160 0.999737
161.5 0.999738
162 0.999748
162.75 0.999749
166.625 0.99975
166.75 0.99975
168 0.999762
174 0.999773
175.75 0.999773
176 0.999775
180 0.999787
181.5 0.999787
184 0.999789
186 0.9998
192 0.999808
194.75 0.999809
195.5 0.99981
196 0.999811
198 0.999822
204 0.999832
204.75 0.999833
210 0.999843
213.75 0.999844
216 0.999855
218.5 0.999856
220 0.999856
222 0.999867
228 0.999876
234 0.999888
235 0.999889
240 0.999897
246 0.999906
249.75 0.999907
252 0.999917
258 0.999926
264 0.999936
270 0.999946
276 0.999957
279 0.999958
280 0.999959
282 0.999971
288 0.999982
294 0.99999
315 0.999991
330 0.999992
333 0.999993
378 0.999993
399 0.999994
442 0.999995
475 0.999996
864 0.999997
884 0.999997
1920 0.999999
2088 1
