0 0.0197382
0.0078125 0.0200467
0.015625 0.0251666
0.0234375 0.0257006
0.03125 0.0373861
0.0390625 0.0376854
0.046875 0.0432058
0.0546875 0.0435281
0.0625 0.053883
0.0703125 0.054417
0.078125 0.0600756
0.0859375 0.0603611
0.09375 0.0724149
0.101562 0.0726911
0.109375 0.0778478
0.117188 0.0783911
0.125 0.0883592
0.132812 0.088617
0.140625 0.0944413
0.148438 0.0947268
0.15625 0.104258
0.164062 0.104805
0.171875 0.109446
0.179688 0.109713
0.1875 0.129152
0.195312 0.129429
0.203125 0.134912
0.210938 0.135479
0.21875 0.145437
0.226562 0.145723
0.234375 0.1507
0.242188 0.150963
0.25 0.161414
0.257812 0.161934
0.265625 0.166552
0.273438 0.166865
0.28125 0.176792
0.289062 0.177059
0.296875 0.181719
0.304688 0.182294
0.3125 0.191802
0.320312 0.192087
0.328125 0.197884
0.335938 0.198133
0.34375 0.208515
0.351562 0.209077
0.359375 0.214625
0.367188 0.214915
0.375 0.235077
0.382812 0.235362
0.390625 0.24062
0.398438 0.240864
0.40625 0.250519
0.421875 0.255266
0.429688 0.255284
0.4375 0.266275
0.445312 0.266523
0.453125 0.270911
0.46875 0.280921
0.484375 0.285258
0.492188 0.28558
0.5 0.295323
0.507812 0.295346
0.515625 0.300516
0.53125 0.309651
0.539062 0.309909
0.546875 0.314775
0.5625 0.333537
0.578125 0.33839
0.585938 0.338699
0.59375 0.348386
0.601562 0.348409
0.609375 0.353096
0.625 0.363198
0.632812 0.363465
0.640625 0.367807
0.65625 0.377379
0.664062 0.377402
0.671875 0.381739
0.679688 0.381992
0.6875 0.391164
0.703125 0.395878
0.710938 0.395892
0.71875 0.405068
0.726562 0.405308
0.734375 0.410575
0.742188 0.410607
0.75 0.42971
0.765625 0.434112
0.773438 0.434356
0.78125 0.439208
0.796875 0.439499
0.8125 0.444347
0.820312 0.444605
0.84375 0.450305
0.859375 0.45129
0.867188 0.451529
0.875 0.456387
0.890625 0.456686
0.898438 0.456709
0.90625 0.461534
0.914062 0.461783
0.929688 0.461792
0.9375 0.47566
0.945312 0.475665
0.960938 0.475904
0.96875 0.480725
0.976562 0.480743
0.984375 0.481079
1 0.485913
1.00781 0.486134
1.01562 0.487018
1.03125 0.492157
1.03906 0.492171
1.05469 0.492461
1.0625 0.49729
1.07812 0.497599
1.09375 0.502493
1.10156 0.503285
1.11719 0.50335
1.125 0.518083
1.13281 0.518101
1.14844 0.518373
1.15625 0.52318
1.17188 0.523272
1.1875 0.528097
1.19531 0.528102
1.20312 0.528143
1.21094 0.528171
1.21875 0.533056
1.25 0.537941
1.25781 0.537964
1.26562 0.538028
1.28125 0.542858
1.28906 0.544262
1.3125 0.55796
1.32031 0.558835
1.32812 0.558876
1.33594 0.558881
1.34375 0.563706
1.35938 0.563775
1.36719 0.563789
1.375 0.569512
1.40625 0.574959
1.42188 0.57547
1.4375 0.580309
1.44531 0.580332
1.45312 0.580392
1.46094 0.580889
1.46875 0.586041
1.47656 0.586082
1.48438 0.586598
1.5 0.60019
1.52344 0.600231
1.53125 0.605112
1.54688 0.605181
1.5625 0.605282
1.58594 0.605296
1.59375 0.605379
1.60156 0.605406
1.61719 0.605471
1.625 0.605973
1.63281 0.605986
1.64062 0.606125
1.67969 0.606148
1.6875 0.615775
1.69531 0.615784
1.71875 0.615835
1.72656 0.615895
1.73438 0.61595
1.75 0.615991
1.75781 0.616005
1.78125 0.616065
1.79688 0.616088
1.80469 0.616157
1.8125 0.616171
1.82812 0.616235
1.83594 0.616254
1.85938 0.616277
1.875 0.626019
1.89062 0.626047
1.91406 0.626079
1.92188 0.626144
1.9375 0.626157
1.95312 0.626162
1.96875 0.626383
1.97656 0.626392
1.99219 0.626406
2 0.626443
2.01562 0.626493
2.02344 0.626507
2.03125 0.626517
2.03906 0.626526
2.0625 0.635315
2.07812 0.635329
2.10938 0.635393
2.125 0.635426
2.13281 0.635449
2.14844 0.635458
2.15625 0.63555
2.1875 0.635573
2.20312 0.635624
2.22656 0.635633
2.23438 0.636144
2.24219 0.636172
2.25 0.645039
2.26562 0.645048
2.29688 0.64649
2.3125 0.646494
2.32031 0.646554
2.33594 0.646582
2.34375 0.646632
2.35156 0.646697
2.375 0.646711
2.39062 0.646715
2.40625 0.647604
2.42188 0.647613
2.4375 0.656794
2.46094 0.656826
2.49219 0.65684
2.5 0.656904
2.51562 0.656973
2.53125 0.657015
2.53906 0.657024
2.5625 0.657038
2.57031 0.657056
2.57812 0.657079
2.625 0.665809
2.64062 0.666684
2.65625 0.667572
2.66406 0.667581
2.67188 0.667595
2.67969 0.667609
2.6875 0.667618
2.69531 0.667627
2.71875 0.667637
2.73438 0.667646
2.74219 0.66765
2.75 0.667669
2.8125 0.676408
2.82031 0.676412
2.83594 0.676421
2.84375 0.676426
2.875 0.676435
2.88281 0.67644
2.89062 0.676928
2.90625 0.67696
2.92188 0.676979
2.9375 0.676988
2.94531 0.677002
2.95312 0.677015
2.96875 0.677034
3 0.68574
3.02344 0.68575
3.04688 0.685768
3.0625 0.685777
3.09375 0.685796
3.125 0.685823
3.14844 0.686698
3.16406 0.686712
3.17188 0.686721
3.17969 0.68673
3.1875 0.6954
3.20312 0.695409
3.23438 0.695423
3.25 0.695437
3.26562 0.695464
3.28125 0.69551
3.30469 0.695538
3.32031 0.695543
3.35156 0.695575
3.35938 0.695584
3.375 0.704323
3.39062 0.704327
3.39844 0.704332
3.4375 0.704834
3.44531 0.705718
3.46875 0.705723
3.5 0.705727
3.51562 0.705759
3.5625 0.714434
3.58594 0.715322
3.59375 0.715391
3.60938 0.715428
3.625 0.715442
3.65625 0.715456
3.67188 0.71546
3.69531 0.71547
3.71094 0.71552
3.71875 0.715525
3.75 0.724222
3.75781 0.724254
3.77344 0.724756
3.78125 0.724761
3.79688 0.724766
3.82812 0.725263
3.84375 0.725332
3.85156 0.725341
3.85938 0.725346
3.86719 0.725364
3.875 0.725369
3.90625 0.725373
3.9375 0.734107
3.95312 0.734126
3.98438 0.73413
4 0.734563
4.00781 0.734568
4.03125 0.734572
4.03906 0.734586
4.0625 0.7346
4.07812 0.734614
4.10156 0.734628
4.125 0.743311
4.13281 0.743316
4.15625 0.743376
4.21875 0.743394
4.25 0.743403
4.26562 0.743422
4.29688 0.743431
4.30469 0.743445
4.3125 0.752105
4.33594 0.752119
4.35938 0.752124
4.36719 0.752179
4.40625 0.752197
4.42969 0.752202
4.45312 0.752207
4.46875 0.752271
4.5 0.760945
4.53125 0.760964
4.57031 0.762009
4.59375 0.762023
4.60156 0.762027
4.64062 0.762046
4.67188 0.762055
4.6875 0.770738
4.75 0.770761
4.75781 0.770775
4.8125 0.770785
4.85156 0.770789
4.875 0.779947
4.91406 0.779951
4.92188 0.779965
4.98438 0.779974
5 0.779979
5.04688 0.780002
5.0625 0.788699
5.07812 0.788704
5.08594 0.788709
5.15625 0.788718
5.19531 0.788722
5.20312 0.788727
5.21094 0.788741
5.25 0.797438
5.27344 0.797443
5.32812 0.797447
5.34375 0.797461
5.39062 0.797466
5.41406 0.797968
5.4375 0.806642
5.46875 0.806651
5.48438 0.80666
5.5 0.80667
5.57031 0.806674
5.57812 0.806688
5.625 0.816223
5.64062 0.816228
5.66406 0.816233
5.67188 0.816237
5.6875 0.816246
5.74219 0.817135
5.75 0.817144
5.8125 0.8258
5.84375 0.825805
5.85938 0.825809
5.89062 0.825819
5.90625 0.825828
5.92969 0.825832
5.9375 0.825837
6 0.834516
6.09375 0.83452
6.10938 0.834525
6.11719 0.834585
6.125 0.834599
6.1875 0.844152
6.25 0.844162
6.28906 0.844175
6.29688 0.844185
6.32812 0.844198
6.34375 0.844203
6.375 0.852896
6.38281 0.8529
6.39844 0.85291
6.40625 0.852914
6.5 0.852933
6.53125 0.852946
6.5625 0.862496
6.64062 0.8625
6.64844 0.862505
6.70312 0.862509
6.75 0.871202
6.78125 0.871207
6.79688 0.871211
6.82812 0.871216
6.83594 0.871221
6.875 0.87123
6.89062 0.871234
6.90625 0.871244
6.9375 0.879913
6.96094 0.879927
6.97656 0.879936
7 0.879959
7.03125 0.880447
7.05469 0.880452
7.125 0.889103
7.17188 0.889158
7.22656 0.889163
7.25 0.889182
7.26562 0.889186
7.3125 0.897851
7.34375 0.897856
7.38281 0.897874
7.42188 0.897879
7.4375 0.897893
7.47656 0.897906
7.5 0.906581
7.51562 0.906585
7.54688 0.90659
7.5625 0.906599
7.61719 0.906604
7.65625 0.906613
7.6875 0.915278
7.71875 0.915292
7.73438 0.915297
7.75 0.91531
7.80469 0.91532
7.8125 0.915329
7.875 0.924012
7.92969 0.924017
8 0.924021
8.03906 0.924026
8.0625 0.932691
8.07812 0.932696
8.125 0.932705
8.15625 0.932719
8.20312 0.932723
8.22656 0.932728
8.23438 0.932733
8.25 0.941407
8.3125 0.941412
8.38281 0.941416
8.39844 0.941421
8.42188 0.941425
8.4375 0.950602
8.47656 0.950611
8.5 0.950625
8.59375 0.950629
8.60938 0.950638
8.625 0.959322
8.64844 0.959326
8.71875 0.959331
8.75 0.959336
8.8125 0.968005
8.85938 0.969368
8.90625 0.969377
9 0.979
9.03125 0.979005
9.0625 0.979014
9.1875 0.987675
9.20312 0.987684
9.28125 0.987693
9.28906 0.987711
9.34375 0.987721
9.375 0.987799
9.44531 0.987803
9.49219 0.987813
9.5 0.987831
9.51562 0.987836
9.54688 0.987845
9.5625 0.987859
9.60938 0.987868
9.625 0.987873
9.6875 0.987886
9.70312 0.988379
9.75 0.988397
9.76562 0.988402
9.84375 0.988411
10 0.988425
10.0625 0.98843
10.0938 0.988443
10.125 0.988508
10.1562 0.988513
10.1719 0.988526
10.3125 0.98854
10.3359 0.988545
10.4219 0.988554
10.5 0.988586
10.625 0.988595
10.6484 0.9886
10.6562 0.988609
10.6875 0.988618
10.75 0.988623
10.875 0.988628
10.8984 0.988637
10.9688 0.988641
11 0.988646
11.1406 0.988664
11.1562 0.988674
11.25 0.988701
11.3281 0.988706
11.375 0.988711
11.4219 0.988715
11.5 0.988724
11.5312 0.988734
11.625 0.988747
11.6875 0.988752
11.8125 0.988757
11.8672 0.988761
11.875 0.988766
12 0.98878
12.0312 0.988784
12.0938 0.988789
12.1875 0.988816
12.2188 0.988826
12.2344 0.98883
12.25 0.988835
12.375 0.988839
12.5 0.988853
12.5781 0.988858
12.5938 0.988867
12.6562 0.988895
12.6875 0.988899
12.7188 0.988904
12.75 0.988913
12.8125 0.988918
12.9375 0.988922
13 0.988936
13.0156 0.988941
13.0625 0.988945
13.0781 0.98895
13.125 0.988964
13.2812 0.988968
13.5 0.988982
13.5625 0.988987
13.5938 0.988991
13.6562 0.988996
13.7812 0.989005
13.8125 0.98901
14 0.989014
14.0469 0.989019
14.0625 0.989047
14.0938 0.989051
14.2188 0.989056
14.25 0.989074
14.375 0.989083
14.4375 0.989102
14.5 0.989106
14.625 0.989166
15 0.989185
15.0312 0.989189
15.0938 0.989199
15.1875 0.989203
15.3125 0.989208
15.4062 0.989217
15.4531 0.989222
15.4688 0.989235
15.5 0.989245
15.6094 0.989249
15.75 0.989272
15.9375 0.989286
16 0.989304
16.0312 0.989309
16.1719 0.989318
16.1875 0.989323
16.25 0.989327
16.4062 0.990207
16.4688 0.990225
16.5 0.990234
16.5312 0.990239
16.625 0.990267
16.7969 0.990276
16.875 0.990285
17 0.99029
17.0625 0.990308
17.1875 0.990317
17.2188 0.990322
17.4375 0.990336
17.5 0.99035
17.5781 0.990354
17.6719 0.990363
17.7188 0.990377
17.8125 0.990382
17.875 0.990386
17.9219 0.990396
18 0.990414
18.1406 0.990419
18.3594 0.990428
18.375 0.990437
18.4062 0.990442
18.5 0.990446
18.5625 0.990451
18.5938 0.990455
18.6875 0.990474
18.75 0.990492
18.9844 0.99098
19 0.99099
19.1406 0.990994
19.25 0.991003
19.4062 0.991008
19.4844 0.991013
19.5 0.991026
19.5312 0.991045
19.5938 0.991054
20 0.991068
20.1562 0.991072
20.1875 0.991082
20.25 0.991086
20.3438 0.991091
20.625 0.991109
20.6719 0.991984
20.7188 0.991989
21 0.992076
21.125 0.992081
21.25 0.992099
21.3125 0.992104
21.375 0.992118
21.5625 0.992127
21.75 0.992131
21.875 0.992136
22 0.992141
22.2812 0.992145
22.3125 0.992159
22.5 0.992168
22.8438 0.992173
23.125 0.992177
23.25 0.992182
23.375 0.992187
23.4375 0.992191
23.5625 0.9922
23.625 0.992214
23.7188 0.992219
23.75 0.992224
24 0.992237
24.2812 0.992242
24.375 0.992247
24.4375 0.992251
24.4688 0.99226
24.75 0.99227
25 0.992288
25.1875 0.992297
25.3125 0.992316
25.4375 0.99232
25.5 0.992325
25.7812 0.992329
26 0.992343
26.0312 0.992348
26.25 0.992352
26.4375 0.992362
26.5625 0.992366
26.7188 0.992371
26.8125 0.992375
26.875 0.99238
27 0.992394
27.125 0.992398
27.1875 0.992403
27.3125 0.992408
27.3438 0.992412
28 0.992426
28.0312 0.992431
28.125 0.992435
28.5 0.99244
28.6875 0.992449
28.75 0.992454
28.9062 0.992463
29 0.992468
29.25 0.992472
29.4688 0.992477
29.5312 0.992481
29.75 0.992486
30 0.992504
30.1875 0.992509
30.25 0.992514
30.4688 0.993006
30.625 0.993015
30.875 0.99302
30.9375 0.993025
31.25 0.993034
31.5 0.993048
31.625 0.993061
31.6875 0.993066
32.0312 0.993941
32.0625 0.993945
32.25 0.99395
32.625 0.993955
32.8125 0.994028
33 0.994033
33.25 0.994042
33.5938 0.994047
33.6875 0.994051
33.75 0.994065
33.7812 0.99407
33.9062 0.994074
34 0.994088
34.125 0.994093
34.5 0.994097
34.5938 0.994102
34.875 0.994111
35 0.99412
35.0625 0.994125
35.3438 0.99413
35.75 0.994139
36 0.994148
36.25 0.994153
36.2812 0.994157
36.5625 0.994166
37.125 0.994171
37.1562 0.994176
37.5 0.994678
38 0.994687
38.25 0.994691
38.75 0.994696
38.8125 0.994705
39 0.99471
39.3125 0.994714
40 0.994724
40.375 0.994728
40.5 0.994737
40.6875 0.995295
41 0.995299
41.125 0.995308
41.25 0.995327
41.5625 0.995331
41.625 0.995336
42 0.995345
42.1875 0.99535
42.25 0.995354
42.5 0.995364
42.5938 0.995368
42.75 0.995373
42.875 0.995377
43.125 0.995382
43.3125 0.995875
43.5 0.995879
43.75 0.995884
43.9375 0.995888
44.625 0.995893
45 0.995907
45.375 0.995911
45.5 0.995916
46 0.995925
46.3125 0.995934
46.5 0.995944
46.75 0.995948
46.875 0.995953
47 0.995962
47.25 0.995976
48 0.99599
48.6875 0.995994
48.875 0.995999
49.5 0.996017
49.875 0.996027
49.9375 0.996031
50 0.99604
50.375 0.996045
50.75 0.996054
51.1875 0.996929
52 0.996934
52.25 0.996938
52.3125 0.996943
54 0.996952
54.25 0.996957
54.625 0.996961
55 0.99697
55.25 0.996975
55.5 0.99698
56 0.99703
56.25 0.997039
57 0.997053
57.5 0.997058
57.8125 0.997063
58 0.997067
58.125 0.997072
58.5 0.997076
59.125 0.997081
59.375 0.99709
60.5 0.997099
60.75 0.997104
61.625 0.997109
62 0.997113
62.5 0.997118
63.75 0.997122
64 0.997136
64.5 0.997141
65.625 0.997145
66 0.997155
66.125 0.997159
66.5 0.997173
66.625 0.997178
67.5 0.997182
68 0.997191
69 0.997196
69.75 0.997201
70 0.997205
71.5 0.997214
72 0.998108
72.5 0.998112
73.5 0.998121
74.25 0.998126
75 0.998135
75.5625 0.99814
76 0.998154
77.625 0.998163
78 0.998168
78.75 0.998172
79.3125 0.998177
79.625 0.998181
79.75 0.998186
80.5 0.998191
81 0.998195
81.375 0.9982
82 0.998204
83.125 0.998209
84 0.998273
85 0.998283
85.25 0.998287
85.5 0.998292
86.25 0.998296
87 0.998301
87.125 0.998306
87.5 0.998315
89.125 0.998319
90 0.998329
90.625 0.998338
91 0.998347
92 0.998352
93.5 0.998356
94 0.998361
95 0.99837
96 0.998375
99 0.998379
99.75 0.998384
100 0.998398
100.75 0.998402
101.25 0.998407
102 0.998425
104 0.998439
104.125 0.998444
106.25 0.998453
107.25 0.998458
107.5 0.998462
108 0.998467
108.75 0.998471
111.625 0.998476
112 0.998481
112.5 0.99849
113.75 0.998494
114.75 0.998499
116 0.998504
120.75 0.998513
121 0.998517
123.5 0.998522
124 0.998527
125 0.998531
126 0.99854
126.5 0.99855
127.5 0.998559
127.875 0.998563
128 0.998582
128.25 0.998587
130.5 0.998591
131.25 0.998596
132 0.9986
132.25 0.998605
133.25 0.99861
135 0.998619
135.125 0.998623
136 0.998628
137.75 0.998637
138 0.998642
138.75 0.998646
140 0.99866
141.75 0.998665
142.5 0.998669
143 0.998674
143.75 0.998679
144 0.998757
145 0.998761
148.5 0.998766
152 0.99878
153 0.998784
154 0.998794
155 0.998798
155.25 0.998808
155.875 0.998812
157.5 0.998821
159.5 0.998826
160 0.998831
164 0.998844
165 0.998854
166.25 0.998858
168 0.998867
169 0.998881
170 0.99889
170.5 0.998895
171 0.998904
172.5 0.998909
174 0.998918
174.25 0.998927
180 0.998936
180.5 0.998941
181.5 0.998946
182.75 0.99895
184 0.998973
184.5 0.998978
185.25 0.998982
186 0.998987
189 0.999001
196 0.99901
198 0.999015
200 0.999019
201.5 0.999024
203.5 0.999029
204 0.999038
208 0.999042
217.5 0.999047
218.5 0.999052
224 0.999056
224.75 0.999061
228 0.999065
229.5 0.99907
231 0.999084
232.75 0.999088
237.5 0.999098
238 0.999107
245 0.999116
246.5 0.999121
247 0.999125
247.5 0.999134
248 0.999139
253 0.999144
253.5 0.999148
261 0.999153
263.25 0.999157
264 0.999162
270 0.999176
272 0.999194
280 0.999199
282 0.999203
286.75 0.999208
288 0.999213
293.75 0.999217
294.5 0.999222
296 0.999226
299 0.999231
304 0.999236
306 0.99924
310.5 0.999245
315 0.99925
322 0.999254
333.5 0.999259
338 0.999263
340 0.999277
348.75 0.999282
352 0.999286
364 0.999291
365.5 0.999296
372 0.9993
374 0.999314
375 0.999319
378 0.999328
379.75 0.999337
380 0.999342
385 0.999346
389.5 0.999351
391 0.999355
391.5 0.99936
400 0.999365
408 0.999374
408.5 0.999378
416.5 0.999383
418 0.999388
418.5 0.999392
420 0.999397
425 0.999406
432 0.99942
437 0.999424
442 0.999429
448 0.999434
460 0.999438
462.5 0.999443
472.5 0.999447
476 0.999457
480 0.999471
480.5 0.999475
484 0.99948
500 0.999484
504 0.999489
511.5 0.999494
512.5 0.999544
520 0.999553
528 0.999558
529 0.999567
544 0.999572
562.5 0.999581
567 0.99959
575 0.999595
576 0.999599
578 0.999609
588 0.999613
612 0.999618
624 0.999622
630 0.999632
640 0.999636
646 0.999645
651 0.99965
680 0.999655
714 0.999673
728 0.999678
748 0.999692
756 0.999696
760 0.999701
782 0.999715
806 0.999719
816 0.999724
833 0.999728
850 0.999738
884 0.999742
900 0.999747
918 0.999761
920 0.999765
930 0.99977
936 0.999774
952 0.999779
960 0.999784
1008 0.999788
1020 0.999793
1025 0.999797
1040 0.999802
1054 0.999807
1078 0.999811
1080 0.999816
1088 0.99982
1092 0.999825
1122 0.99983
1156 0.999834
1160 0.999839
1190 0.999843
1224 0.999853
1258 0.999866
1269 0.999871
1292 0.999876
1326 0.99988
1394 0.999889
1408 0.999894
1421 0.999899
1428 0.999913
1462 0.999926
1476 0.999931
1504 0.999936
1530 0.99994
1564 0.999945
1584 0.999954
1598 0.999959
1632 0.999963
1664 0.999972
1666 0.999977
1710 0.999982
1872 0.999986
2560 0.999991
2880 1
