0 8.11471e-06
0 0.0240845
0 0.0240926
0.0078125 0.026105
0.015625 0.0315581
0.0234375 0.0398595
0.03125 0.0487207
0.0390625 0.0511389
0.046875 0.0664595
0.0546875 0.0687316
0.0625 0.0773656
0.0703125 0.0859104
0.078125 0.0919072
0.0859375 0.095007
0.09375 0.111131
0.101562 0.113216
0.109375 0.11901
0.117188 0.12779
0.125 0.136481
0.132812 0.138583
0.140625 0.150869
0.148438 0.152995
0.15625 0.160476
0.164062 0.169265
0.171875 0.175018
0.179688 0.177136
0.1875 0.191207
0.195312 0.19369
0.203125 0.201074
0.210938 0.211088
0.21875 0.218505
0.226562 0.220606
0.234375 0.23682
0.242188 0.238881
0.25 0.247044
0.257812 0.25554
0.265625 0.262633
0.273438 0.265262
0.28125 0.279414
0.289062 0.281459
0.296875 0.287967
0.304688 0.296357
0.3125 0.304212
0.320312 0.3062
0.328125 0.322105
0.335938 0.324101
0.34375 0.331194
0.351562 0.340177
0.359375 0.345727
0.367188 0.34774
0.375 0.361859
0.382812 0.364131
0.390625 0.368181
0.398438 0.374486
0.40625 0.381091
0.421875 0.391721
0.429688 0.392249
0.4375 0.397807
0.445312 0.404145
0.453125 0.410775
0.46875 0.42414
0.484375 0.427645
0.492188 0.434348
0.5 0.439598
0.507812 0.440061
0.515625 0.451275
0.53125 0.456298
0.539062 0.462628
0.546875 0.46787
0.5625 0.480537
0.578125 0.484854
0.585938 0.491605
0.59375 0.496653
0.601562 0.497107
0.609375 0.507226
0.625 0.513036
0.632812 0.521062
0.640625 0.525371
0.65625 0.540042
0.664062 0.540488
0.671875 0.543888
0.679688 0.550161
0.6875 0.557132
0.703125 0.572696
0.710938 0.573036
0.71875 0.582052
0.726562 0.588316
0.734375 0.5917
0.742188 0.592106
0.75 0.605146
0.765625 0.608903
0.773438 0.615517
0.78125 0.617659
0.796875 0.624451
0.8125 0.626318
0.820312 0.633264
0.84375 0.643675
0.859375 0.644397
0.867188 0.650637
0.875 0.652804
0.890625 0.659491
0.898438 0.659945
0.90625 0.661584
0.914062 0.668133
0.929688 0.668465
0.9375 0.677854
0.945312 0.677984
0.960938 0.684232
0.96875 0.685782
0.976562 0.686139
0.984375 0.694295
1 0.696591
1.00781 0.702823
1.01562 0.703545
1.03125 0.711985
1.03906 0.712293
1.05469 0.719174
1.0625 0.721057
1.07812 0.727703
1.09375 0.730032
1.10156 0.73628
1.11719 0.736523
1.125 0.745547
1.13281 0.745945
1.14844 0.752518
1.15625 0.753938
1.17188 0.755033
1.1875 0.756835
1.19531 0.757062
1.20312 0.757589
1.21094 0.757963
1.21875 0.760154
1.25 0.762515
1.25781 0.762913
1.26562 0.763578
1.28125 0.765022
1.28906 0.76658
1.3125 0.771887
1.32031 0.771985
1.32812 0.773583
1.33594 0.773794
1.34375 0.775239
1.35938 0.775693
1.36719 0.776318
1.375 0.778298
1.40625 0.781309
1.42188 0.781787
1.4375 0.783573
1.44531 0.783922
1.45312 0.784303
1.46094 0.784538
1.46875 0.785991
1.47656 0.78664
1.48438 0.788182
1.5 0.790616
1.52344 0.791127
1.53125 0.792994
1.54688 0.793846
1.5625 0.794722
1.58594 0.795039
1.59375 0.795655
1.60156 0.795939
1.61719 0.796191
1.625 0.799185
1.63281 0.799453
1.64062 0.800938
1.67969 0.801271
1.6875 0.802537
1.69531 0.802804
1.71875 0.805133
1.72656 0.805344
1.73438 0.805718
1.75 0.80648
1.75781 0.808103
1.78125 0.80872
1.79688 0.809256
1.80469 0.809751
1.8125 0.810018
1.82812 0.810773
1.83594 0.811065
1.85938 0.811568
1.875 0.813313
1.89062 0.814457
1.89844 0.81466
1.91406 0.815261
1.92188 0.815593
1.92969 0.816681
1.9375 0.816965
1.95312 0.817159
1.96875 0.82
1.97656 0.820194
1.99219 0.820373
2 0.820722
2.01562 0.821144
2.02344 0.821395
2.03125 0.821817
2.03906 0.821988
2.0625 0.822986
2.07812 0.823424
2.10938 0.82439
2.125 0.824949
2.13281 0.825331
2.14844 0.825558
2.15625 0.826134
2.17969 0.826305
2.1875 0.827124
2.20312 0.827465
2.22656 0.827627
2.23438 0.829502
2.24219 0.829721
2.25 0.831068
2.25781 0.831141
2.26562 0.831384
2.29688 0.832155
2.3125 0.832358
2.32031 0.832748
2.33594 0.832926
2.34375 0.835036
2.35156 0.835296
2.375 0.83575
2.39062 0.836123
2.40625 0.836732
2.42188 0.836935
2.4375 0.83756
2.46094 0.840578
2.49219 0.840773
2.5 0.841471
2.51562 0.84195
2.52344 0.84212
2.53125 0.842623
2.53906 0.842786
2.5625 0.842988
2.57031 0.843183
2.57812 0.843662
2.60156 0.843816
2.625 0.845877
2.64062 0.846032
2.65625 0.846413
2.66406 0.846583
2.67188 0.846916
2.67969 0.847143
2.6875 0.847346
2.69531 0.847468
2.71875 0.847679
2.73438 0.847995
2.74219 0.848296
2.75 0.848937
2.78906 0.85
2.8125 0.851087
2.82031 0.851176
2.83594 0.851298
2.84375 0.851614
2.875 0.852045
2.88281 0.852182
2.89062 0.852329
2.90625 0.852548
2.92188 0.853862
2.92969 0.854
2.9375 0.854195
2.94531 0.854309
2.95312 0.854852
2.96875 0.855242
3 0.85585
3.00781 0.856021
3.02344 0.856183
3.04688 0.858147
3.05469 0.85826
3.0625 0.858528
3.09375 0.859137
3.11719 0.859299
3.125 0.859859
3.14844 0.861563
3.16406 0.861839
3.17188 0.861969
3.17969 0.862091
3.1875 0.862456
3.20312 0.862618
3.23438 0.862967
3.25 0.8633
3.26562 0.86364
3.28125 0.864338
3.30469 0.864509
3.32031 0.864647
3.35156 0.86489
3.35938 0.865052
3.375 0.865807
3.39062 0.865994
3.39844 0.866099
3.41406 0.866205
3.4375 0.866692
3.44531 0.867032
3.45312 0.86829
3.46875 0.868404
3.5 0.868745
3.51562 0.869167
3.52344 0.869296
3.55469 0.869418
3.5625 0.869702
3.58594 0.871366
3.59375 0.871739
3.60938 0.872145
3.625 0.872331
3.63281 0.872469
3.65625 0.872851
3.67188 0.874555
3.69531 0.874733
3.71094 0.874863
3.71875 0.875212
3.75 0.877719
3.75781 0.877825
3.77344 0.877963
3.78125 0.878214
3.79688 0.878385
3.82812 0.88017
3.84375 0.8803
3.85156 0.880397
3.85938 0.881615
3.86719 0.881834
3.875 0.881972
3.90625 0.882166
3.9375 0.882864
3.95312 0.883181
3.96094 0.884828
3.98438 0.88512
4 0.885363
4.00781 0.885485
4.03125 0.885623
4.03906 0.885761
4.04688 0.885858
4.0625 0.886191
4.07812 0.886329
4.10156 0.886548
4.11719 0.88667
4.125 0.887262
4.13281 0.887303
4.15625 0.887603
4.16406 0.887725
4.21094 0.887879
4.21875 0.888504
4.25 0.888926
4.26562 0.889307
4.29688 0.889445
4.30469 0.889551
4.3125 0.889835
4.33594 0.8899
4.35938 0.890021
4.36719 0.890127
4.375 0.890516
4.38281 0.890581
4.40625 0.890703
4.42969 0.890784
4.45312 0.891052
4.46875 0.89136
4.48438 0.89145
4.49219 0.891539
4.5 0.892082
4.51562 0.892245
4.53125 0.892391
4.57031 0.892577
4.59375 0.892943
4.60156 0.893032
4.625 0.893097
4.64062 0.893316
4.64844 0.893389
4.67188 0.893681
4.6875 0.894127
4.70312 0.894217
4.75 0.894525
4.75781 0.894622
4.77344 0.894728
4.78125 0.895012
4.80469 0.895125
4.8125 0.895377
4.84375 0.895547
4.85156 0.895612
4.875 0.895961
4.88281 0.89601
4.89844 0.896075
4.91406 0.896148
4.92188 0.896562
4.97656 0.898217
4.98438 0.898347
5 0.898745
5.03125 0.898939
5.03906 0.899029
5.04688 0.899272
5.0625 0.901106
5.07812 0.901228
5.08594 0.901301
5.125 0.901366
5.14062 0.901455
5.15625 0.901747
5.17969 0.901844
5.19531 0.901901
5.20312 0.901974
5.21094 0.902104
5.25 0.902688
5.27344 0.903808
5.28125 0.903914
5.3125 0.904271
5.32812 0.904376
5.34375 0.904677
5.35938 0.904758
5.375 0.904831
5.39062 0.905058
5.41406 0.905115
5.4375 0.905269
5.44531 0.905374
5.46875 0.905626
5.48438 0.905788
5.49219 0.905829
5.5 0.906056
5.50781 0.906137
5.57031 0.906235
5.57812 0.906494
5.625 0.908085
5.64062 0.90819
5.66406 0.908279
5.67188 0.908328
5.6875 0.908507
5.69531 0.908547
5.71094 0.908645
5.74219 0.908815
5.75 0.909067
5.76562 0.909131
5.78125 0.909205
5.78906 0.909278
5.8125 0.909424
5.84375 0.909716
5.85938 0.909862
5.875 0.909935
5.89062 0.91004
5.90625 0.911404
5.92969 0.911477
5.9375 0.91172
5.97656 0.911777
6 0.912126
6.01562 0.912191
6.04688 0.912264
6.05469 0.912337
6.07031 0.912402
6.08594 0.912434
6.09375 0.912613
6.10938 0.912832
6.11719 0.912897
6.125 0.913091
6.1875 0.913392
6.23438 0.913603
6.24219 0.913676
6.25 0.914008
6.28906 0.914049
6.29688 0.914146
6.32812 0.914317
6.34375 0.91443
6.35938 0.914479
6.375 0.914812
6.38281 0.914885
6.39844 0.914942
6.40625 0.915007
6.44531 0.915047
6.46875 0.915307
6.5 0.915502
6.50781 0.915575
6.53125 0.915859
6.53906 0.915956
6.5625 0.916402
6.57031 0.916427
6.60938 0.916475
6.64062 0.916621
6.64844 0.916662
6.67969 0.916735
6.70312 0.916832
6.71875 0.916905
6.72656 0.916962
6.75 0.917425
6.78125 0.917538
6.79688 0.917619
6.82812 0.917855
6.83594 0.917895
6.875 0.918179
6.89062 0.91839
6.90625 0.918553
6.9375 0.918601
6.96094 0.918666
6.97656 0.918739
7 0.918983
7.00781 0.919048
7.02344 0.919129
7.03125 0.919356
7.04688 0.919413
7.05469 0.919437
7.10938 0.919453
7.125 0.919754
7.17188 0.91994
7.1875 0.920159
7.21875 0.920427
7.22656 0.920468
7.25 0.920557
7.26562 0.920687
7.27344 0.920736
7.3125 0.920971
7.34375 0.921036
7.36719 0.921076
7.38281 0.921149
7.39062 0.92119
7.42188 0.921287
7.4375 0.921458
7.47656 0.921498
7.5 0.92201
7.50781 0.922034
7.51562 0.922083
7.54688 0.922245
7.5625 0.922367
7.59375 0.922513
7.61719 0.922561
7.65625 0.922659
7.6875 0.922699
7.70312 0.922813
7.71094 0.922862
7.71875 0.923056
7.72656 0.923113
7.73438 0.923202
7.75 0.923324
7.80469 0.923381
7.8125 0.923511
7.875 0.923998
7.90625 0.924225
7.92188 0.924265
7.92969 0.92433
7.96875 0.92446
7.99219 0.924493
8 0.924606
8.00781 0.924671
8.01562 0.924785
8.03906 0.924842
8.0625 0.924874
8.07812 0.924906
8.08594 0.924963
8.09375 0.925004
8.125 0.925199
8.15625 0.925337
8.20312 0.925499
8.22656 0.925539
8.23438 0.925661
8.25 0.92601
8.26562 0.926107
8.3125 0.926302
8.32812 0.926351
8.38281 0.926391
8.39844 0.926424
8.42188 0.926481
8.4375 0.926854
8.44531 0.926911
8.47656 0.926951
8.5 0.927211
8.53125 0.927381
8.59375 0.927544
8.60938 0.927698
8.625 0.927949
8.64844 0.928023
8.67188 0.928039
8.71875 0.928136
8.73438 0.928177
8.75 0.928428
8.76562 0.928501
8.78906 0.928566
8.80469 0.928631
8.8125 0.928672
8.83594 0.928712
8.85938 0.928858
8.90625 0.929021
8.9375 0.92915
8.96094 0.929191
8.96875 0.929232
8.98438 0.929329
9 0.9307
9.03125 0.930806
9.0625 0.930944
9.07031 0.930993
9.14062 0.931082
9.17969 0.93113
9.1875 0.931325
9.20312 0.931439
9.25 0.931463
9.28125 0.931634
9.28906 0.931666
9.29688 0.931715
9.34375 0.931853
9.375 0.933224
9.40625 0.933281
9.44531 0.933313
9.49219 0.933346
9.5 0.933541
9.51562 0.933662
9.54688 0.933678
9.5625 0.933865
9.57031 0.933906
9.60938 0.933946
9.625 0.934092
9.6875 0.934247
9.70312 0.935878
9.74219 0.935942
9.75 0.936129
9.76562 0.936162
9.79688 0.936218
9.82812 0.936259
9.84375 0.936462
9.91406 0.936502
9.92969 0.936535
9.95312 0.936592
9.96875 0.936746
10 0.937006
10.0625 0.93716
10.0781 0.937208
10.0938 0.937363
10.125 0.93763
10.1562 0.937744
10.1719 0.937866
10.1953 0.937898
10.25 0.937931
10.2812 0.937963
10.3125 0.938166
10.3359 0.938206
10.3594 0.938231
10.3906 0.938271
10.4062 0.93832
10.4141 0.938328
10.4219 0.938401
10.5 0.938693
10.5469 0.938758
10.5625 0.938831
10.625 0.939059
10.6484 0.939091
10.6562 0.939221
10.6875 0.93944
10.7188 0.939464
10.75 0.939505
10.7812 0.939602
10.8281 0.939651
10.875 0.939821
10.8906 0.939854
10.8984 0.939894
10.9375 0.940024
10.9688 0.941103
10.9844 0.941144
11 0.941371
11.0156 0.94142
11.1016 0.94146
11.1406 0.941566
11.1562 0.941745
11.25 0.942126
11.2812 0.942223
11.3281 0.942248
11.3438 0.942272
11.375 0.94245
11.3828 0.942475
11.3906 0.942515
11.4219 0.942556
11.4844 0.942637
11.5 0.942791
11.5312 0.942872
11.5625 0.942937
11.5781 0.942986
11.625 0.943116
11.6875 0.943319
11.7188 0.943408
11.75 0.943416
11.7812 0.943505
11.8125 0.943773
11.8594 0.943814
11.8672 0.943846
11.875 0.944057
11.9531 0.944098
12 0.944301
12.0312 0.944333
12.0938 0.944382
12.1094 0.944439
12.1406 0.944479
12.1719 0.944552
12.1875 0.944723
12.2188 0.944877
12.2344 0.944925
12.25 0.945063
12.375 0.94525
12.4688 0.945461
12.4844 0.945518
12.5 0.945729
12.5781 0.945761
12.5938 0.945826
12.6562 0.946021
12.6875 0.946135
12.7188 0.946143
12.75 0.946346
12.7656 0.946402
12.7969 0.946435
12.8125 0.946483
12.8906 0.946508
12.9375 0.946703
13 0.946824
13.0156 0.946849
13.0625 0.946987
13.0781 0.947068
13.125 0.947417
13.1406 0.947441
13.2188 0.947473
13.2812 0.947595
13.2969 0.947628
13.3594 0.94766
13.4062 0.947725
13.4375 0.947774
13.4531 0.947831
13.5 0.948155
13.5625 0.948236
13.5938 0.948301
13.6562 0.948407
13.6719 0.948447
13.75 0.948666
13.7812 0.948821
13.8125 0.948934
13.875 0.94895
13.9219 0.948975
13.9531 0.94904
14 0.949169
14.0156 0.949202
14.0469 0.949242
14.0625 0.949421
14.0938 0.949445
14.1094 0.949478
14.2188 0.949518
14.25 0.949689
14.3438 0.94977
14.375 0.949908
14.4375 0.95007
14.4531 0.950127
14.5 0.9502
14.5312 0.950249
14.5469 0.950289
14.625 0.950435
14.6875 0.950476
14.7344 0.950492
14.7656 0.950565
14.7812 0.950606
14.8438 0.951636
14.875 0.951774
14.9531 0.951807
15 0.952131
15.0156 0.952139
15.0312 0.95218
15.0938 0.95231
15.125 0.952375
15.1875 0.952618
15.2344 0.952659
15.3125 0.952732
15.4062 0.952813
15.4219 0.952837
15.4375 0.952943
15.4531 0.952983
15.4688 0.953032
15.5 0.953121
15.6094 0.953178
15.625 0.954834
15.75 0.955174
15.8125 0.955288
15.8438 0.955329
15.8594 0.955345
15.9375 0.95545
15.9844 0.955483
16 0.955531
16.0156 0.955564
16.0312 0.955677
16.0781 0.95571
16.125 0.955718
16.1562 0.95575
16.1719 0.955759
16.1875 0.955783
16.25 0.955929
16.3125 0.956035
16.4062 0.95614
16.4531 0.956148
16.4688 0.956213
16.5 0.956456
16.5312 0.956481
16.625 0.956611
16.6562 0.956643
16.7656 0.956667
16.7969 0.9567
16.8438 0.956716
16.875 0.956911
16.8906 0.956951
16.9531 0.95696
17 0.957106
17.0625 0.957211
17.1875 0.957309
17.2188 0.957382
17.25 0.957568
17.2969 0.957609
17.3438 0.957641
17.4375 0.957706
17.4688 0.957739
17.5 0.957885
17.5312 0.957933
17.5781 0.957966
17.6094 0.958006
17.625 0.958039
17.6719 0.958055
17.7188 0.959662
17.8125 0.959767
17.875 0.959889
17.9219 0.959921
17.9375 0.959946
17.9688 0.960011
18 0.96027
18.0625 0.960343
18.125 0.960441
18.1406 0.960481
18.2812 0.960538
18.3594 0.960603
18.375 0.960765
18.4062 0.960822
18.5 0.96083
18.5625 0.960976
18.5781 0.961001
18.5938 0.961041
18.6875 0.961155
18.75 0.961431
18.8125 0.961439
18.8906 0.961455
18.9844 0.961496
19 0.961658
19.0312 0.961731
19.0938 0.961747
19.125 0.961901
19.1406 0.961942
19.2188 0.961974
19.25 0.962121
19.375 0.962234
19.4062 0.962299
19.4844 0.962323
19.5 0.962437
19.5312 0.962494
19.5938 0.962534
19.6562 0.962551
19.6875 0.962721
19.8281 0.962753
19.8594 0.962786
19.9062 0.962818
19.9375 0.962932
20 0.963078
20.125 0.963175
20.1562 0.963208
20.1875 0.963313
20.25 0.963524
20.3125 0.963541
20.3438 0.963622
20.3906 0.96363
20.5 0.963654
20.5625 0.963687
20.625 0.963833
20.6719 0.963865
20.7188 0.963922
20.7812 0.963971
20.8125 0.964003
20.8281 0.964019
20.8438 0.964076
21 0.964312
21.0938 0.964368
21.125 0.964385
21.25 0.964587
21.2969 0.964604
21.3125 0.964685
21.375 0.964798
21.4375 0.964831
21.5 0.964839
21.5625 0.964944
21.6562 0.964953
21.75 0.965034
21.7812 0.965074
21.7969 0.965115
21.875 0.965212
21.9375 0.965302
21.9688 0.965342
22 0.965423
22.0312 0.965464
22.2031 0.965488
22.2812 0.965569
22.3125 0.965675
22.5 0.965951
22.5625 0.966016
22.6562 0.966048
22.6875 0.966072
22.75 0.966145
22.7656 0.96617
22.7812 0.966186
22.8438 0.966243
22.9688 0.966291
23 0.966446
23.0625 0.966511
23.125 0.966551
23.1562 0.966592
23.25 0.966722
23.375 0.96686
23.4375 0.966908
23.5 0.966949
23.5625 0.966965
23.625 0.967192
23.7188 0.967233
23.7344 0.967265
23.75 0.967395
23.9062 0.967436
24 0.967574
24.0625 0.967598
24.1875 0.96763
24.2188 0.967655
24.2812 0.967687
24.3438 0.967728
24.375 0.967809
24.4375 0.96789
24.4688 0.967914
24.5 0.96802
24.75 0.96815
24.9375 0.968247
24.9688 0.968304
25 0.968466
25.1562 0.968474
25.1875 0.968515
25.3125 0.968604
25.375 0.968677
25.4375 0.968726
25.5 0.968921
25.5312 0.968953
25.5938 0.968969
25.625 0.969018
25.7812 0.969042
25.875 0.969164
26 0.969237
26.0312 0.969294
26.125 0.969383
26.1562 0.969424
26.25 0.969619
26.2812 0.969635
26.4375 0.969683
26.5625 0.969748
26.5938 0.969781
26.7188 0.969846
26.8125 0.969903
26.875 0.969943
26.9062 0.969976
27 0.970178
27.125 0.970227
27.1875 0.97026
27.3125 0.970389
27.3438 0.970398
27.5 0.970527
27.5625 0.970617
27.625 0.970698
27.75 0.97073
27.8438 0.970738
27.9062 0.970763
28 0.970803
28.0312 0.97082
28.0938 0.970836
28.125 0.972548
28.1875 0.972556
28.2188 0.972564
28.4375 0.972589
28.5 0.972767
28.6875 0.97284
28.75 0.972954
28.875 0.9731
28.9062 0.97314
29 0.973197
29.0625 0.973246
29.0938 0.973286
29.25 0.973392
29.375 0.973408
29.4688 0.973424
29.5312 0.973505
29.5625 0.97353
29.6875 0.973587
29.75 0.973684
29.9062 0.9737
30 0.973895
30.0312 0.973919
30.0625 0.973927
30.1875 0.974017
30.25 0.974082
30.375 0.974138
30.4688 0.974155
30.625 0.974195
30.75 0.974228
30.8125 0.97426
30.8438 0.974301
30.875 0.974349
30.9062 0.974366
30.9375 0.974422
31 0.974479
31.2188 0.974512
31.25 0.974585
31.5 0.974796
31.625 0.974853
31.6875 0.974869
31.7188 0.974877
31.875 0.97495
31.9688 0.974974
32 0.975015
32.0312 0.975039
32.0625 0.975088
32.1562 0.975112
32.25 0.975145
32.3125 0.975153
32.3438 0.975201
32.375 0.975242
32.5 0.975291
32.625 0.975323
32.8125 0.975421
32.9062 0.975429
32.9375 0.975502
33 0.975567
33.0625 0.975607
33.25 0.975656
33.3125 0.97568
33.5312 0.975688
33.5938 0.975705
33.6875 0.975729
33.75 0.975916
33.7812 0.97594
33.9062 0.975956
34 0.976062
34.125 0.976167
34.375 0.976216
34.4375 0.976248
34.5 0.97637
34.5938 0.976386
34.6875 0.976402
34.875 0.976459
34.9375 0.976475
35 0.976597
35.0625 0.976638
35.1562 0.97667
35.2188 0.976695
35.25 0.976727
35.3438 0.976751
35.4375 0.9768
35.625 0.976873
35.75 0.97693
35.8438 0.976954
35.875 0.97697
35.9375 0.977019
36 0.977141
36.125 0.977198
36.25 0.977254
36.2812 0.977279
36.5625 0.977295
36.7188 0.977328
36.75 0.977409
36.8125 0.977433
37 0.977474
37.125 0.977571
37.1562 0.977595
37.1875 0.977628
37.375 0.977693
37.5 0.97779
37.625 0.977806
37.7812 0.977822
37.9688 0.977847
38 0.977912
38.0625 0.977985
38.1875 0.978001
38.25 0.978066
38.2812 0.978115
38.4375 0.978139
38.5 0.978196
38.75 0.978277
38.8125 0.978309
38.9688 0.978326
39 0.978415
39.0625 0.978423
39.1875 0.978431
39.3125 0.978464
39.375 0.978585
39.6562 0.978626
39.7188 0.978642
39.8125 0.978683
39.875 0.978748
40 0.97878
40.25 0.978845
40.375 0.978902
40.5 0.978991
40.625 0.979113
40.7812 0.979121
41 0.979129
41.125 0.979145
41.25 0.97921
41.3438 0.979259
41.4375 0.979299
41.5625 0.979324
41.625 0.979332
41.6562 0.979356
41.6875 0.979397
42 0.980435
42.1875 0.9805
42.25 0.980517
42.5 0.980622
42.5938 0.980638
42.625 0.980663
42.75 0.980744
42.875 0.98076
43 0.980776
43.125 0.980841
43.3125 0.981782
43.5 0.981823
43.5625 0.981856
43.75 0.981904
43.875 0.981961
43.9375 0.981985
44 0.982058
44.0625 0.982075
44.4062 0.982083
44.5625 0.982115
44.625 0.982229
45 0.982383
45.125 0.98244
45.3125 0.982464
45.375 0.98248
45.5 0.982521
45.5312 0.982529
45.5625 0.982545
45.6875 0.982553
45.9375 0.982586
46 0.982651
46.125 0.982659
46.25 0.982708
46.3125 0.982732
46.5 0.982772
46.75 0.982854
46.875 0.982894
47 0.982902
47.125 0.982927
47.25 0.983016
47.4375 0.983032
47.4688 0.98304
47.5 0.983146
47.8125 0.983194
48 0.983316
48.375 0.983341
48.5625 0.983357
48.6875 0.983389
48.75 0.983414
48.875 0.98347
48.9375 0.983478
49 0.983495
49.5 0.98356
49.875 0.9836
49.9375 0.983633
50 0.983722
50.3125 0.983738
50.375 0.983779
50.625 0.983819
50.75 0.983835
50.875 0.983844
51 0.983909
51.0625 0.983925
51.1875 0.983949
51.25 0.983957
51.5625 0.98399
51.75 0.984038
52 0.984111
52.0625 0.984136
52.25 0.984233
52.3125 0.984298
52.5 0.984404
52.5625 0.98442
52.875 0.984444
53.125 0.984452
53.1875 0.984468
53.4375 0.984477
53.625 0.984509
53.8125 0.986075
54 0.986164
54.25 0.986189
54.375 0.986221
54.625 0.986302
54.6875 0.986319
55 0.986392
55.125 0.986424
55.25 0.986448
55.5 0.986457
55.6875 0.986473
55.8125 0.986497
56 0.986513
56.0625 0.986521
56.1875 0.98653
56.25 0.986586
56.375 0.986603
56.4375 0.986611
56.875 0.986627
57 0.9867
57.375 0.986724
57.5 0.986789
57.75 0.986862
57.8125 0.98687
58 0.986895
58.125 0.986919
58.1875 0.986943
58.5 0.987025
58.75 0.987041
58.9375 0.987049
59.0625 0.987089
59.125 0.987106
59.375 0.987138
59.5 0.987179
60 0.987357
60.0625 0.987374
60.125 0.987382
60.375 0.987438
60.5 0.987455
60.75 0.987528
60.9375 0.987544
61.25 0.987576
61.625 0.987617
61.6875 0.987633
61.75 0.987649
61.8125 0.987666
61.875 0.987682
62 0.987739
62.4375 0.987747
62.5 0.987885
63 0.988006
63.25 0.988079
63.375 0.988088
63.4375 0.988104
63.75 0.988128
63.9375 0.988153
64 0.988274
64.0625 0.988282
64.125 0.988307
64.3125 0.988347
64.5 0.988364
64.625 0.988372
64.6875 0.988388
64.75 0.988412
65 0.988477
65.25 0.988493
65.625 0.988583
65.8125 0.988591
65.875 0.988631
66 0.988712
66.125 0.988745
66.5 0.988785
66.625 0.98881
67.0625 0.988818
67.1875 0.988834
67.5 0.988907
67.5625 0.98894
68 0.988972
68.25 0.988996
68.75 0.989045
68.875 0.989069
69 0.989094
69.1875 0.989102
69.375 0.98911
69.75 0.989134
70 0.989159
70.125 0.989175
70.3125 0.989216
70.4375 0.98924
70.5 0.989272
70.6875 0.98928
70.875 0.989329
71.25 0.989354
71.5 0.989394
71.6875 0.989402
71.75 0.989418
71.875 0.989459
72 0.989548
72.25 0.989564
72.5 0.989597
72.5625 0.989605
73.125 0.989621
73.4375 0.989629
73.5 0.989678
73.625 0.989694
74.25 0.989775
74.375 0.989792
74.75 0.989808
75 0.989865
75.25 0.989873
75.5625 0.989881
75.9375 0.989897
76 0.989978
76.125 0.990003
76.375 0.990027
76.5 0.990076
76.5625 0.990084
77 0.990124
77.5 0.990165
77.625 0.990181
77.9375 0.990197
78 0.990246
78.125 0.990262
78.375 0.99027
78.625 0.990295
78.75 0.99036
79.4375 0.990368
79.625 0.990384
79.75 0.990417
80 0.990441
80.5 0.99049
80.75 0.990554
81 0.990603
81.25 0.990611
81.375 0.990628
81.5625 0.990636
82 0.990652
82.25 0.990668
82.5 0.990717
82.6875 0.990733
82.875 0.990741
83.125 0.990757
83.3125 0.990765
83.375 0.990782
84 0.990814
84.375 0.990822
84.5 0.990847
85 0.990912
85.1875 0.990928
85.25 0.990952
85.5 0.990976
85.75 0.990985
86 0.990993
86.25 0.991001
86.625 0.991025
87 0.991041
87.125 0.991058
87.1875 0.991074
87.5 0.991114
87.75 0.991139
87.875 0.991147
88 0.991179
88.125 0.991187
89.125 0.991212
89.25 0.991228
90 0.991342
90.25 0.991374
90.625 0.99139
91 0.991423
91.375 0.991431
91.875 0.991455
92 0.99152
92.25 0.991536
92.5 0.991544
92.625 0.991561
93 0.991601
93.5 0.991658
94 0.991682
94.25 0.991699
94.5 0.991723
94.875 0.991731
94.9375 0.991739
95 0.991764
95.625 0.99178
96 0.992591
96.75 0.992607
96.875 0.992632
97.125 0.99264
97.5 0.992672
97.75 0.992705
97.875 0.992713
98 0.992737
99 0.992786
99.75 0.992835
99.875 0.992851
100 0.992875
100.625 0.992892
100.75 0.9929
101.25 0.99294
101.5 0.992956
102 0.992981
102.125 0.992989
102.375 0.992997
102.5 0.993013
103.125 0.993021
103.5 0.993062
104 0.993078
104.5 0.993111
105 0.993151
105.75 0.993159
106.25 0.993167
106.875 0.993184
107.25 0.993208
107.5 0.993224
108 0.993289
108.5 0.993305
108.75 0.993313
109.25 0.993338
110 0.99337
110.25 0.993411
110.5 0.993443
111.625 0.993468
112 0.993484
112.125 0.993492
112.375 0.9935
112.5 0.993549
112.75 0.993565
112.875 0.993581
113.75 0.993589
114 0.993597
114.75 0.993606
115 0.993638
115.5 0.993687
115.625 0.993695
116 0.993719
116.25 0.993735
117 0.993744
118.25 0.99376
119 0.993784
119.625 0.993792
120 0.993857
120.125 0.993865
120.25 0.993873
120.75 0.993906
122.5 0.993938
123 0.993946
123.25 0.993955
123.375 0.993963
123.5 0.994003
123.625 0.994011
123.75 0.994019
124 0.994028
124.875 0.994044
125 0.994052
126 0.994092
126.5 0.994125
126.75 0.994149
126.875 0.994174
127.5 0.994222
127.875 0.99423
128 0.994271
128.125 0.994279
128.25 0.994303
128.625 0.99432
129.25 0.994328
129.5 0.994336
130 0.994352
130.5 0.994368
131.25 0.994377
131.75 0.994393
132 0.994441
132.25 0.994458
133 0.994482
133.25 0.99449
134.125 0.994514
135 0.994563
135.125 0.994571
136 0.994612
136.5 0.994636
137.5 0.994644
137.75 0.994669
138 0.994685
139.5 0.994709
139.75 0.994725
140 0.994742
140.875 0.99475
141 0.994758
141.75 0.994774
142.5 0.994807
143 0.994815
143.75 0.994831
144 0.994969
144.5 0.994985
145 0.995009
145.125 0.995034
146.25 0.995042
146.875 0.99505
147 0.995066
147.25 0.995091
148 0.995099
148.5 0.995131
148.75 0.995139
150 0.995172
152 0.995188
152.25 0.995196
152.75 0.995204
153 0.99522
153.125 0.995229
154 0.995253
155 0.995261
155.25 0.995269
156 0.995318
157.5 0.995334
158.875 0.995342
159.25 0.99535
159.5 0.995391
160 0.995399
161 0.995415
161.25 0.995423
161.5 0.995456
162 0.995488
162.5 0.995504
162.75 0.995529
163.125 0.995537
164.5 0.995545
165 0.995553
165.375 0.995561
165.75 0.995577
166.25 0.995602
166.5 0.995618
166.625 0.995626
166.75 0.995634
168 0.9972
169 0.997209
170 0.997233
170.375 0.997241
170.5 0.997249
171 0.997273
171.5 0.997282
172 0.99729
174 0.997298
174.25 0.997306
175 0.997322
175.5 0.99733
175.75 0.997338
176 0.997363
178.25 0.997371
178.5 0.997395
180 0.997452
180.5 0.99746
181.25 0.997468
182.125 0.997476
182.25 0.997484
182.75 0.997501
183.75 0.997509
184 0.997517
184.5 0.997525
185.25 0.997533
186 0.997541
187 0.997566
187.5 0.997574
188 0.997582
188.5 0.99759
189 0.997606
189.875 0.997622
190 0.997647
191.25 0.997655
192 0.997671
193.75 0.997679
194.25 0.997695
195 0.997728
195.5 0.997744
196 0.99776
198 0.997777
199.5 0.997793
199.75 0.997801
200 0.997825
201.5 0.997833
202.5 0.997841
204 0.997874
204.25 0.99789
206.25 0.997915
207 0.997955
208.25 0.997963
209 0.997988
209.25 0.997996
210 0.99802
211.5 0.998028
212.5 0.998036
213.75 0.998044
215 0.998052
215.25 0.998077
216 0.998117
217 0.998126
218.5 0.998142
220.5 0.998166
221 0.998182
223.25 0.998199
224 0.998207
224.25 0.998215
224.75 0.998223
225 0.998272
228 0.99828
229.5 0.998288
231 0.998296
238 0.99832
240 0.998336
242 0.998353
243 0.998361
245 0.998377
247 0.998401
247.25 0.99841
248 0.998426
250 0.998442
252 0.99845
253 0.998466
256 0.998474
256.25 0.998483
256.5 0.998491
261 0.998507
262.5 0.998515
263.5 0.998523
264 0.998531
266 0.998539
269.5 0.998564
270 0.998572
272 0.99858
275 0.998588
275.5 0.998596
277.5 0.998604
279 0.998612
280 0.998629
281.25 0.998637
283.5 0.998645
287 0.998661
288 0.998685
290 0.998694
290.25 0.998702
293.75 0.99871
294 0.998718
297 0.998734
297.25 0.998742
299 0.99875
300 0.998767
302.25 0.998775
304 0.998791
305.5 0.998799
306 0.998823
308 0.998831
310.5 0.99884
312 0.998848
314.5 0.998856
320 0.998864
322 0.99888
322.5 0.998888
323 0.998896
324 0.998905
326.25 0.998913
328 0.998921
330.75 0.998929
331.5 0.998945
333.25 0.998953
333.5 0.998969
336 0.998978
340 0.999002
340.75 0.99901
342 0.999018
343 0.999026
348 0.999034
350 0.999042
351 0.999059
352 0.999067
360 0.999083
362.5 0.999091
365.5 0.999099
369 0.999107
370 0.999115
376 0.999124
379.5 0.999132
380 0.99914
384 0.999156
385 0.999164
387.5 0.999172
388.5 0.99918
389.5 0.999197
392 0.999213
403 0.999221
405 0.999245
408 0.999253
414 0.999262
416 0.99927
418 0.999286
423 0.999294
427.5 0.999302
432 0.99931
435 0.999318
437 0.999326
448 0.999335
449.5 0.999343
456 0.999351
459 0.999367
462 0.999391
471.5 0.9994
472.5 0.999416
490 0.999424
494 0.999432
495 0.99944
500 0.999448
510 0.999464
517.5 0.999473
520 0.999481
526.5 0.999489
532 0.999497
540 0.999505
544 0.999513
546 0.999529
552 0.999537
574 0.999546
587.5 0.999554
588 0.999562
600 0.999578
604.5 0.999586
607.5 0.999594
612 0.999602
612.5 0.99961
624 0.999619
630 0.999627
640 0.999635
644 0.999651
680 0.999659
682 0.999667
686 0.999675
702 0.999692
728.5 0.9997
735 0.999708
744 0.999716
760 0.999724
765 0.99974
780 0.999748
798 0.999757
814 0.999765
819 0.999773
832 0.999781
840 0.999789
850 0.999797
851 0.999805
860 0.999813
874 0.999821
960 0.999838
988 0.999846
1054 0.999854
1056 0.999862
1100 0.99987
1104 0.999878
1152 0.999886
1175 0.999895
1184 0.999903
1269 0.999911
1360 0.999919
1824 0.999927
1972 0.999935
1980 0.999943
2024 0.999951
2112 0.999959
2304 0.999968
2736 0.999984
3072 1
