0 0.0206178
0.0078125 0.0222018
0.015625 0.0292021
0.0234375 0.0319614
0.03125 0.0419253
0.0390625 0.0437138
0.046875 0.0522981
0.0546875 0.053831
0.0625 0.0678061
0.0703125 0.0704632
0.078125 0.0775146
0.0859375 0.0792264
0.09375 0.09872
0.101562 0.100304
0.109375 0.111571
0.117188 0.118444
0.125 0.136328
0.132812 0.137835
0.140625 0.146522
0.148438 0.147978
0.15625 0.158248
0.164062 0.161289
0.171875 0.172505
0.179688 0.173986
0.1875 0.193506
0.195312 0.195396
0.203125 0.206638
0.210938 0.209627
0.21875 0.235635
0.226562 0.237168
0.234375 0.24565
0.242188 0.247439
0.25 0.257377
0.257812 0.261414
0.265625 0.272068
0.273438 0.273958
0.28125 0.285481
0.289062 0.286937
0.296875 0.293605
0.304688 0.296364
0.3125 0.310544
0.320312 0.312077
0.328125 0.324493
0.335938 0.326103
0.34375 0.338596
0.351562 0.341688
0.359375 0.348586
0.367188 0.350068
0.375 0.361743
0.382812 0.363251
0.390625 0.368744
0.398438 0.370123
0.40625 0.378657
0.421875 0.385657
0.429688 0.385938
0.4375 0.398252
0.445312 0.399504
0.453125 0.404972
0.46875 0.4156
0.484375 0.421144
0.492188 0.422575
0.5 0.431159
0.507812 0.434991
0.515625 0.44585
0.53125 0.462175
0.539062 0.463478
0.546875 0.468997
0.5625 0.487238
0.578125 0.492731
0.585938 0.494111
0.59375 0.502568
0.601562 0.502644
0.609375 0.517233
0.625 0.533558
0.632812 0.534759
0.640625 0.543982
0.65625 0.561789
0.664062 0.561943
0.671875 0.567512
0.679688 0.568764
0.6875 0.581181
0.703125 0.588437
0.710938 0.588564
0.71875 0.600828
0.726562 0.602105
0.734375 0.615135
0.742188 0.615237
0.75 0.629596
0.765625 0.635063
0.773438 0.63634
0.78125 0.639534
0.796875 0.641092
0.8125 0.644516
0.820312 0.649702
0.84375 0.658338
0.859375 0.658593
0.867188 0.659666
0.875 0.662834
0.890625 0.664316
0.898438 0.664393
0.90625 0.667535
0.914062 0.668787
0.929688 0.668864
0.9375 0.673769
0.945312 0.67382
0.960938 0.675047
0.96875 0.678061
0.976562 0.678164
0.984375 0.679901
1 0.682967
1.00781 0.686773
1.01562 0.686952
1.03125 0.69965
1.05469 0.70103
1.0625 0.704249
1.07812 0.705858
1.09375 0.712859
1.10156 0.714085
1.11719 0.714213
1.125 0.722772
1.13281 0.722925
1.14844 0.724253
1.15625 0.72737
1.17188 0.727754
1.1875 0.730845
1.19531 0.731049
1.20312 0.735009
1.21094 0.735137
1.21875 0.738535
1.25 0.741729
1.25781 0.741831
1.26562 0.742316
1.28125 0.745408
1.28906 0.745893
1.3125 0.749649
1.32031 0.753864
1.32812 0.754094
1.33594 0.75412
1.34375 0.758489
1.35938 0.758923
1.36719 0.759
1.375 0.762474
1.40625 0.766179
1.42188 0.766511
1.4375 0.769679
1.44531 0.769807
1.45312 0.770062
1.46875 0.773128
1.47656 0.773256
1.48438 0.773435
1.5 0.776884
1.52344 0.77696
1.53125 0.780154
1.54688 0.780511
1.5625 0.784523
1.58594 0.784625
1.59375 0.785008
1.60156 0.78511
1.61719 0.785161
1.625 0.785391
1.63281 0.785468
1.64062 0.790322
1.67969 0.794257
1.6875 0.794921
1.69531 0.794998
1.71875 0.799085
1.73438 0.799469
1.75 0.799673
1.75781 0.799852
1.78125 0.800312
1.79688 0.800465
1.80469 0.804604
1.8125 0.804655
1.82812 0.805089
1.83594 0.805243
1.85938 0.805268
1.875 0.805958
1.89062 0.806086
1.89844 0.806111
1.91406 0.80629
1.92188 0.806673
1.92969 0.806724
1.9375 0.80675
1.95312 0.806929
1.96875 0.807619
1.97656 0.807644
1.99219 0.80767
2 0.8079
2.01562 0.808181
2.02344 0.808206
2.03125 0.812396
2.03906 0.812447
2.0625 0.813239
2.07812 0.813469
2.10938 0.817787
2.125 0.817864
2.13281 0.818042
2.14844 0.818119
2.15625 0.818502
2.17969 0.818732
2.1875 0.818988
2.20312 0.819269
2.22656 0.819371
2.23438 0.819422
2.24219 0.819678
2.25 0.820291
2.26562 0.820418
2.29688 0.820853
2.3125 0.820904
2.32031 0.820955
2.33594 0.821006
2.34375 0.821108
2.35156 0.821236
2.375 0.821287
2.39062 0.821338
2.40625 0.821466
2.42188 0.821543
2.4375 0.821849
2.46094 0.822079
2.49219 0.822207
2.5 0.822386
2.51562 0.82259
2.52344 0.822616
2.53125 0.822667
2.5625 0.822743
2.57031 0.822999
2.57812 0.827189
2.625 0.827572
2.65625 0.827725
2.66406 0.827853
2.67188 0.827879
2.67969 0.82793
2.71875 0.828032
2.73438 0.828083
2.74219 0.828134
2.75 0.828287
2.8125 0.828671
2.83594 0.828773
2.84375 0.832835
2.88281 0.832912
2.89062 0.832937
2.90625 0.832988
2.92188 0.833014
2.92969 0.833065
2.9375 0.833091
2.94531 0.833116
2.95312 0.833346
2.96875 0.833372
3 0.833602
3.02344 0.833653
3.04688 0.83378
3.0625 0.833832
3.09375 0.834087
3.11719 0.834113
3.125 0.834215
3.14844 0.834419
3.16406 0.834675
3.17188 0.838507
3.17969 0.838558
3.1875 0.838584
3.20312 0.84262
3.25 0.846453
3.26562 0.846504
3.28125 0.850387
3.32031 0.850413
3.35156 0.854245
3.35938 0.854296
3.375 0.854424
3.39062 0.854526
3.39844 0.854603
3.4375 0.854858
3.44531 0.854909
3.45312 0.854935
3.46875 0.85496
3.5 0.855011
3.51562 0.855037
3.5625 0.855114
3.59375 0.85519
3.60938 0.855267
3.63281 0.855369
3.65625 0.855522
3.67188 0.855599
3.69531 0.855625
3.71875 0.85961
3.75 0.859789
3.75781 0.863775
3.78125 0.863851
3.79688 0.863877
3.82812 0.867913
3.84375 0.867939
3.85156 0.867965
3.86719 0.871797
3.875 0.871822
3.90625 0.871848
3.9375 0.876063
3.95312 0.876089
3.96094 0.87614
3.98438 0.879972
4 0.880075
4.03125 0.8801
4.03906 0.880151
4.0625 0.880381
4.07812 0.880407
4.10156 0.880432
4.125 0.880509
4.13281 0.880534
4.16406 0.884418
4.21094 0.884495
4.21875 0.888506
4.25 0.888557
4.30469 0.888608
4.3125 0.888659
4.35938 0.888684
4.36719 0.88871
4.40625 0.888736
4.42969 0.88894
4.46875 0.888991
4.49219 0.889017
4.5 0.893079
4.51562 0.893104
4.57031 0.89313
4.59375 0.893181
4.64062 0.893258
4.64844 0.893283
4.67188 0.893334
4.6875 0.89336
4.75 0.893411
4.75781 0.893437
4.77344 0.893488
4.78125 0.893513
4.80469 0.893564
4.8125 0.893615
4.84375 0.893641
4.85156 0.893666
4.875 0.893692
4.88281 0.893718
4.92188 0.893769
4.97656 0.893794
4.98438 0.89382
5 0.893896
5.03125 0.894024
5.0625 0.901791
5.07812 0.901817
5.08594 0.905598
5.14062 0.905649
5.15625 0.909711
5.17969 0.909737
5.21094 0.909839
5.25 0.910043
5.28125 0.91012
5.3125 0.910222
5.34375 0.910248
5.41406 0.910299
5.46875 0.91035
5.48438 0.910401
5.5 0.910452
5.50781 0.910478
5.625 0.910631
5.71094 0.910656
5.74219 0.910682
5.75 0.910733
5.84375 0.910861
5.875 0.910886
5.89062 0.910912
5.90625 0.914897
5.9375 0.914923
5.97656 0.914949
6 0.915
6.05469 0.915051
6.09375 0.915102
6.10938 0.915153
6.125 0.915178
6.25 0.915255
6.29688 0.915281
6.32812 0.919266
6.35938 0.919292
6.375 0.919317
6.38281 0.919343
6.46875 0.919368
6.53906 0.923405
6.5625 0.923507
6.64062 0.923558
6.75 0.923661
6.78125 0.923686
6.79688 0.923763
6.82812 0.923788
6.89062 0.927774
6.90625 0.927799
6.96094 0.931683
7 0.931836
7.00781 0.931887
7.02344 0.931913
7.03125 0.931964
7.05469 0.931989
7.10938 0.932015
7.17188 0.932041
7.21875 0.932117
7.25 0.932143
7.26562 0.932194
7.3125 0.932296
7.34375 0.932347
7.38281 0.932373
7.42188 0.932398
7.4375 0.932449
7.5 0.932552
7.51562 0.932577
7.59375 0.936486
7.65625 0.936512
7.70312 0.936537
7.71094 0.936588
7.73438 0.936614
7.8125 0.936639
7.875 0.93669
7.90625 0.936716
7.92969 0.936767
7.96875 0.936818
8 0.937023
8.01562 0.937048
8.0625 0.937074
8.20312 0.937099
8.25 0.937125
8.3125 0.93715
8.32812 0.937176
8.38281 0.937201
8.4375 0.937278
8.44531 0.937304
8.5 0.937431
8.53125 0.937457
8.59375 0.937482
8.60938 0.937534
8.625 0.93761
8.71875 0.937661
8.8125 0.937763
8.83594 0.937789
8.85938 0.937815
8.9375 0.937866
8.98438 0.937891
9 0.938045
9.03125 0.93807
9.0625 0.938172
9.07031 0.938198
9.17969 0.9383
9.28906 0.938326
9.34375 0.938351
9.375 0.942464
9.5 0.94249
9.51562 0.942567
9.5625 0.942618
9.625 0.942643
9.6875 0.942694
9.70312 0.94668
9.74219 0.946757
9.75 0.946833
9.84375 0.946859
9.96875 0.94691
10 0.946987
10.0625 0.947038
10.0938 0.947063
10.125 0.947114
10.1562 0.947216
10.1953 0.947242
10.25 0.947268
10.2812 0.947293
10.4062 0.951074
10.4219 0.951125
10.5 0.951202
10.5625 0.951228
10.625 0.951253
10.6484 0.951279
10.6875 0.951458
10.75 0.951483
10.8906 0.951509
10.9375 0.95156
10.9688 0.951585
11 0.951713
11.0156 0.951739
11.1016 0.951815
11.1562 0.951866
11.25 0.951917
11.2812 0.951943
11.3281 0.951969
11.375 0.951994
11.4844 0.95202
11.625 0.952045
11.75 0.952071
11.8125 0.952147
11.875 0.952173
11.9531 0.952198
12 0.95225
12.1406 0.952301
12.1875 0.952326
12.2344 0.952352
12.375 0.952403
12.4688 0.952428
12.5 0.952505
12.5938 0.952531
12.6562 0.952709
12.6875 0.952735
12.75 0.952812
12.9375 0.952837
13.0625 0.952888
13.0781 0.956669
13.125 0.960553
13.4375 0.960578
13.5 0.96063
13.6562 0.960655
13.75 0.960681
13.7812 0.960706
13.9219 0.960962
14 0.960987
14.0625 0.961038
14.0938 0.961064
14.25 0.961115
14.375 0.96114
14.4375 0.961192
14.5312 0.961217
14.5469 0.961268
14.625 0.961319
14.6875 0.96137
14.7344 0.961396
14.7656 0.961473
14.875 0.961524
14.9531 0.961549
15 0.961651
15.125 0.961677
15.1875 0.961703
15.4062 0.961728
15.4375 0.961805
15.4531 0.96183
15.4688 0.961856
15.5 0.961881
15.625 0.961907
15.75 0.962009
15.8125 0.962035
16 0.96206
16.0312 0.962086
16.125 0.962111
16.25 0.962162
16.3125 0.962188
16.4062 0.96229
16.4688 0.962316
16.5 0.962367
16.625 0.962392
17 0.962418
17.0625 0.962495
17.2188 0.96252
17.25 0.962546
17.4375 0.962571
17.5 0.962622
17.625 0.962648
17.875 0.962699
18 0.962725
18.2812 0.96275
18.375 0.962801
18.5625 0.962827
18.5938 0.962852
18.75 0.963159
18.9844 0.963184
19 0.963235
19.1406 0.963261
19.25 0.963287
19.4062 0.963312
19.8281 0.963363
19.9375 0.963389
20 0.963465
20.1875 0.963491
20.25 0.963772
20.3438 0.963798
20.8125 0.963874
20.8438 0.963951
21 0.964053
21.0938 0.964079
21.25 0.96413
21.75 0.964155
21.7812 0.964181
21.875 0.964232
21.9375 0.964283
22.5 0.964411
22.5625 0.964462
22.6562 0.964487
22.7656 0.964513
23 0.964538
23.0625 0.964564
23.25 0.964615
23.5 0.964641
23.625 0.964666
23.75 0.964717
24 0.964819
24.0625 0.964845
24.375 0.964871
24.4375 0.964896
24.75 0.964947
24.9375 0.964973
25 0.965101
25.3125 0.965126
25.5 0.965152
25.5312 0.965177
25.7812 0.965305
25.875 0.965356
26.125 0.965382
26.1562 0.965407
26.25 0.965458
26.5625 0.965535
26.7188 0.96556
26.8125 0.965637
26.9062 0.965663
27 0.965714
27.3125 0.96579
27.3438 0.969597
27.5 0.969674
28 0.969699
28.5 0.96975
28.75 0.969776
28.9062 0.969801
29.0938 0.969827
29.25 0.969853
29.6875 0.973838
29.75 0.973889
30 0.973991
30.375 0.974017
30.4688 0.974068
30.9062 0.974094
30.9375 0.974145
31 0.974221
31.2188 0.974273
31.25 0.974324
31.5 0.974349
31.7188 0.974375
32 0.978258
32.0312 0.978309
32.25 0.978335
32.375 0.97836
32.5 0.978386
32.8125 0.978488
32.9062 0.978514
32.9375 0.978539
33 0.97859
33.5938 0.978616
33.6875 0.978641
33.7812 0.978667
34.125 0.978692
34.5938 0.978718
35 0.978744
35.1562 0.978769
35.4375 0.978795
35.75 0.97882
35.875 0.978846
36 0.978871
36.75 0.978973
36.8125 0.978999
37.125 0.979025
37.375 0.979101
37.5 0.979152
37.7812 0.979203
38 0.979254
38.0625 0.979331
38.2812 0.979357
38.5 0.979382
39 0.979484
39.0625 0.97951
39.375 0.979536
40.375 0.979561
40.5 0.979587
41.25 0.979612
42.75 0.979663
43.3125 0.97974
43.5938 0.979765
43.75 0.979944
45.3125 0.97997
45.5 0.979995
45.5312 0.980021
45.9375 0.984007
46 0.984211
46.3125 0.984236
47.25 0.988018
48.4375 0.988043
48.6875 0.988069
49.5 0.988094
52 0.988145
52.5 0.992131
53.8125 0.992208
54 0.992233
54.25 0.992284
56 0.992412
56.4375 0.992463
58 0.99254
60.75 0.992565
61.6875 0.992591
61.75 0.992616
62 0.992642
62.5 0.992668
63 0.992719
64.3125 0.992744
64.6875 0.99277
66 0.992872
68.25 0.992897
68.875 0.992923
69.75 0.992949
71.5 0.992974
73.625 0.993
74.25 0.993025
77 0.993051
78 0.993102
78.75 0.993127
81 0.993153
82 0.993204
84 0.993255
84.375 0.993281
90 0.993332
90.625 0.993357
92 0.993383
94 0.993408
96 0.993434
97.5 0.99346
97.75 0.993485
99 0.993536
102.125 0.993562
103.125 0.993587
104 0.993638
104.125 0.993664
108 0.993689
109.25 0.993715
110 0.993741
111 0.993766
112 0.993792
112.5 0.993817
114 0.993868
115 0.993894
117 0.993919
118.75 0.993945
119 0.993971
120 0.994226
120.75 0.994252
123.75 0.994277
124 0.994328
125 0.994354
126 0.994379
127.5 0.994405
128 0.994507
128.25 0.994584
132 0.994635
136 0.99466
139.5 0.994686
148 0.994711
148.5 0.994737
152 0.994839
152.25 0.994865
154 0.994916
156 0.994992
160 0.995044
162.5 0.995069
164 0.998518
166.5 0.998544
171 0.998569
172 0.998697
175 0.998723
176 0.998774
181.25 0.998799
182.75 0.998825
184 0.99885
185.25 0.998876
187.5 0.998901
190 0.998927
193.75 0.998953
196 0.998978
200 0.999004
209 0.999029
210 0.999055
213.75 0.99908
217 0.999106
225.75 0.999131
241.5 0.999157
247.25 0.999182
252 0.999208
255 0.999234
269.5 0.999259
293.75 0.999285
300 0.999463
322 0.999489
322.5 0.999515
341 0.99954
360 0.999591
368 0.999617
375 0.999642
384 0.999693
400 0.999745
408 0.99977
465.5 0.999796
475 0.999898
612 0.999923
884 0.999949
1300 0.999974
2664 1
