0 0.0185061
0.0078125 0.0199756
0.015625 0.0298638
0.0234375 0.0327779
0.03125 0.0484196
0.0390625 0.0501133
0.046875 0.0587312
0.0546875 0.0603253
0.0625 0.0702384
0.0703125 0.0731276
0.078125 0.0801514
0.0859375 0.0818451
0.09375 0.108994
0.101562 0.110613
0.109375 0.125333
0.117188 0.128297
0.125 0.145956
0.132812 0.147426
0.140625 0.156218
0.148438 0.157713
0.15625 0.17049
0.164062 0.173578
0.171875 0.185459
0.179688 0.186854
0.1875 0.203816
0.195312 0.20541
0.203125 0.212309
0.210938 0.215124
0.21875 0.2282
0.226562 0.229844
0.234375 0.238711
0.242188 0.24038
0.25 0.250367
0.257812 0.253356
0.265625 0.260206
0.273438 0.261875
0.28125 0.27383
0.289062 0.2753
0.296875 0.285038
0.304688 0.287753
0.3125 0.300431
0.320312 0.3019
0.328125 0.315599
0.335938 0.317044
0.34375 0.330519
0.351562 0.333757
0.359375 0.340631
0.367188 0.347232
0.375 0.359461
0.382812 0.361752
0.390625 0.367531
0.398438 0.368826
0.40625 0.377544
0.421875 0.384692
0.429688 0.389723
0.4375 0.398491
0.445312 0.399836
0.453125 0.40529
0.46875 0.415552
0.484375 0.421206
0.492188 0.4228
0.5 0.436375
0.507812 0.441331
0.515625 0.455155
0.53125 0.463474
0.539062 0.464819
0.546875 0.47797
0.5625 0.48863
0.578125 0.494109
0.585938 0.495529
0.59375 0.518568
0.601562 0.518992
0.609375 0.529029
0.625 0.537772
0.632812 0.539142
0.640625 0.54492
0.65625 0.563003
0.664062 0.563127
0.671875 0.573439
0.679688 0.577698
0.6875 0.592941
0.703125 0.600015
0.710938 0.600115
0.71875 0.608782
0.726562 0.610127
0.734375 0.620364
0.742188 0.620514
0.75 0.63364
0.765625 0.642108
0.773438 0.643877
0.78125 0.647189
0.796875 0.648983
0.8125 0.652171
0.820312 0.653715
0.84375 0.658497
0.859375 0.658771
0.867188 0.660116
0.875 0.666019
0.890625 0.667638
0.898438 0.667812
0.90625 0.672893
0.914062 0.674338
0.929688 0.674737
0.9375 0.679793
0.945312 0.679892
0.960938 0.681237
0.96875 0.684301
0.976562 0.684426
0.984375 0.686094
1 0.689507
1.00781 0.690827
1.01562 0.693816
1.03125 0.698523
1.05469 0.700267
1.0625 0.703554
1.07812 0.705223
1.09375 0.708461
1.10156 0.709781
1.11719 0.709806
1.125 0.715086
1.13281 0.715236
1.14844 0.717054
1.15625 0.720068
1.17188 0.720516
1.1875 0.723679
1.19531 0.723729
1.20312 0.723829
1.21094 0.723928
1.21875 0.727316
1.25 0.730703
1.25781 0.730753
1.26562 0.731102
1.28125 0.734041
1.28906 0.739072
1.3125 0.742808
1.32031 0.742858
1.32812 0.742982
1.34375 0.745946
1.35938 0.74632
1.36719 0.74642
1.375 0.749458
1.40625 0.757977
1.42188 0.768064
1.4375 0.771227
1.44531 0.771277
1.45312 0.771576
1.46094 0.771601
1.46875 0.774615
1.47656 0.774714
1.48438 0.774913
1.5 0.778475
1.52344 0.7786
1.53125 0.781713
1.54688 0.782211
1.5625 0.78266
1.58594 0.782734
1.59375 0.783133
1.60156 0.783208
1.61719 0.783232
1.625 0.783357
1.63281 0.783407
1.64062 0.784079
1.67969 0.784204
1.6875 0.784702
1.69531 0.784827
1.71875 0.785076
1.72656 0.787965
1.73438 0.788463
1.75 0.788662
1.75781 0.788812
1.78125 0.789135
1.79688 0.789185
1.80469 0.789434
1.8125 0.789484
1.82812 0.789833
1.83594 0.789957
1.85938 0.790082
1.875 0.800468
1.89062 0.800518
1.91406 0.800593
1.92188 0.800991
1.92969 0.801016
1.9375 0.801166
1.95312 0.801215
1.96875 0.801664
1.97656 0.801739
2 0.801838
2.01562 0.802112
2.02344 0.802262
2.03125 0.802361
2.03906 0.802436
2.0625 0.812573
2.07812 0.812698
2.10938 0.82291
2.125 0.823009
2.13281 0.823084
2.14844 0.823483
2.15625 0.823781
2.1875 0.82428
2.20312 0.824578
2.22656 0.824653
2.23438 0.824753
2.24219 0.824828
2.25 0.825301
2.26562 0.825375
2.29688 0.825824
2.3125 0.825874
2.32031 0.825998
2.34375 0.826098
2.35156 0.826148
2.375 0.826222
2.40625 0.826372
2.42188 0.826397
2.4375 0.826471
2.46094 0.826646
2.49219 0.826696
2.5 0.826795
2.51562 0.826845
2.53125 0.82692
2.53906 0.831777
2.5625 0.831851
2.57031 0.831976
2.57812 0.83768
2.60156 0.837979
2.625 0.838302
2.64062 0.838352
2.65625 0.838502
2.66406 0.841341
2.67188 0.841391
2.67969 0.841466
2.6875 0.84154
2.71875 0.841914
2.73438 0.842063
2.74219 0.842113
2.75 0.842337
2.8125 0.850283
2.83594 0.850357
2.875 0.850407
2.88281 0.850457
2.89062 0.850507
2.90625 0.850557
2.92188 0.850656
2.92969 0.850706
2.9375 0.850756
2.94531 0.850831
2.95312 0.85088
2.96875 0.850905
3 0.85113
3.00781 0.851179
3.02344 0.851204
3.04688 0.851229
3.0625 0.856136
3.09375 0.856285
3.11719 0.85636
3.125 0.85646
3.16406 0.85651
3.17188 0.856534
3.17969 0.856559
3.1875 0.856634
3.20312 0.856684
3.23438 0.856734
3.25 0.856833
3.26562 0.856983
3.28125 0.857057
3.32031 0.857107
3.35156 0.860121
3.35938 0.865003
3.375 0.865177
3.39844 0.865227
3.41406 0.865252
3.4375 0.865352
3.45312 0.868116
3.5 0.868191
3.51562 0.868241
3.52344 0.868266
3.55469 0.868365
3.5625 0.87118
3.58594 0.871255
3.59375 0.871354
3.60938 0.871628
3.625 0.871753
3.65625 0.871778
3.67188 0.871803
3.69531 0.871852
3.71094 0.871902
3.71875 0.871927
3.75 0.872151
3.78125 0.872251
3.82812 0.872301
3.84375 0.872326
3.86719 0.87245
3.875 0.8725
3.90625 0.87255
3.9375 0.877556
3.95312 0.877656
3.98438 0.877681
4 0.87783
4.03125 0.877855
4.03906 0.877905
4.04688 0.87793
4.0625 0.877955
4.07812 0.878029
4.10156 0.878054
4.125 0.881093
4.15625 0.881143
4.21094 0.881267
4.21875 0.881367
4.25 0.881392
4.29688 0.881442
4.30469 0.881467
4.3125 0.881541
4.33594 0.88443
4.35938 0.884455
4.36719 0.88458
4.375 0.88463
4.40625 0.884655
4.42969 0.884704
4.46875 0.884729
4.5 0.884879
4.53125 0.884904
4.59375 0.885003
4.625 0.885028
4.64062 0.885053
4.67188 0.885103
4.6875 0.885203
4.70312 0.887992
4.75 0.888067
4.75781 0.892974
4.77344 0.893048
4.78125 0.893073
4.8125 0.893223
4.84375 0.893248
4.875 0.893322
4.92188 0.896087
4.97656 0.896112
4.98438 0.896137
5 0.896187
5.03906 0.896261
5.04688 0.896336
5.0625 0.89651
5.07812 0.896535
5.08594 0.89656
5.125 0.896585
5.14062 0.901442
5.20312 0.901467
5.21094 0.901492
5.25 0.901666
5.28125 0.901691
5.3125 0.901716
5.32812 0.901741
5.34375 0.901766
5.41406 0.906623
5.46875 0.906648
5.5 0.906722
5.50781 0.911579
5.57812 0.911629
5.625 0.911828
5.66406 0.911878
5.6875 0.911903
5.69531 0.911953
5.71094 0.911978
5.74219 0.912003
5.78906 0.912028
5.8125 0.912078
5.875 0.912102
5.89062 0.912127
5.90625 0.917084
6 0.917233
6.01562 0.917308
6.09375 0.917333
6.11719 0.917383
6.125 0.917433
6.1875 0.917557
6.23438 0.917607
6.25 0.917657
6.32812 0.917682
6.34375 0.917731
6.375 0.917781
6.38281 0.917806
6.40625 0.917856
6.44531 0.917881
6.5 0.917956
6.53125 0.918005
6.53906 0.918105
6.5625 0.92092
6.64062 0.920944
6.64844 0.920969
6.75 0.921119
6.79688 0.921144
6.82812 0.921194
6.96094 0.921218
6.97656 0.921243
7 0.921343
7.00781 0.921368
7.02344 0.921393
7.03125 0.921418
7.05469 0.924207
7.125 0.924257
7.17188 0.927072
7.1875 0.927121
7.25 0.927196
7.26562 0.927221
7.3125 0.92752
7.36719 0.927545
7.38281 0.932402
7.39062 0.932427
7.42188 0.932477
7.4375 0.932501
7.47656 0.932526
7.5 0.932576
7.51562 0.932651
7.59375 0.932676
7.61719 0.932726
7.65625 0.9328
7.70312 0.932825
7.71094 0.935615
7.71875 0.93564
7.80469 0.935665
7.8125 0.93569
7.875 0.935839
7.90625 0.935889
7.96875 0.935964
8 0.936063
8.08594 0.936088
8.15625 0.936138
8.20312 0.936213
8.23438 0.936262
8.25 0.936287
8.3125 0.936337
8.38281 0.936362
8.4375 0.941244
8.5 0.941269
8.625 0.941294
8.71875 0.941319
8.73438 0.941343
8.75 0.941393
8.80469 0.941418
8.8125 0.941443
8.83594 0.941468
8.90625 0.941518
8.9375 0.941593
8.96094 0.941617
8.98438 0.941642
9 0.941692
9.03125 0.941717
9.0625 0.941742
9.28125 0.941867
9.28906 0.941941
9.34375 0.941966
9.375 0.942016
9.5 0.942041
9.51562 0.942066
9.54688 0.942091
9.5625 0.942165
9.625 0.94219
9.6875 0.94224
9.70312 0.94229
9.75 0.942315
9.84375 0.94239
10 0.942415
10.0781 0.942439
10.0938 0.942464
10.125 0.942664
10.1719 0.942688
10.1953 0.942763
10.4141 0.942788
10.4219 0.942813
10.5 0.942962
10.625 0.943037
10.6484 0.943062
10.6562 0.943087
10.6875 0.943112
10.7188 0.943137
10.7812 0.943162
10.875 0.943187
10.9688 0.943212
11 0.943286
11.1562 0.943461
11.25 0.943535
11.3438 0.94356
11.3828 0.943585
11.5 0.94361
11.7812 0.943635
11.8125 0.946474
11.9531 0.946499
12 0.946549
12.0312 0.946574
12.1875 0.946624
12.5 0.946649
12.6875 0.946699
12.75 0.946773
12.9375 0.946798
13 0.946898
13.0781 0.946923
13.125 0.946948
13.2188 0.946973
13.2969 0.946997
13.5 0.947047
13.5938 0.947072
13.6562 0.947097
13.75 0.947122
13.8125 0.947172
13.9219 0.949936
14 0.950634
14.0625 0.955516
14.25 0.95559
14.3438 0.955665
14.375 0.95574
14.4375 0.955765
14.5312 0.95579
14.5469 0.955815
14.6875 0.955864
14.7656 0.960746
14.8438 0.960796
15 0.960846
15.125 0.960871
15.1875 0.960896
15.3125 0.960945
15.375 0.96097
15.5 0.960995
15.625 0.96107
15.75 0.96117
15.9375 0.961195
16 0.961269
16.0781 0.961294
16.1875 0.961319
16.25 0.961344
16.4062 0.961369
16.4688 0.961394
16.5 0.961444
16.625 0.961469
16.7656 0.961493
16.875 0.961543
17 0.961593
17.2969 0.961618
17.5 0.961668
18 0.961718
18.0625 0.961743
18.125 0.961792
18.4062 0.961817
18.5625 0.964632
18.75 0.964682
18.9844 0.964706
19 0.964756
19.0938 0.964781
19.125 0.964806
19.25 0.964831
19.5 0.964856
19.5312 0.967621
19.8281 0.96767
19.9062 0.96772
20 0.972552
20.125 0.972602
20.1875 0.972652
20.25 0.972702
20.3125 0.977559
20.3438 0.977608
20.5 0.977633
20.7188 0.977658
20.8125 0.977683
21 0.98259
21.25 0.982615
21.5 0.98264
21.5625 0.982665
21.6562 0.982689
21.875 0.982714
22 0.982814
22.2812 0.982839
22.3125 0.982914
22.5 0.983038
22.6562 0.983113
22.75 0.983163
22.8438 0.983188
23 0.983213
23.0625 0.983536
23.25 0.983561
23.5 0.983611
23.625 0.983686
23.7344 0.983711
23.75 0.983736
24 0.98386
24.2188 0.98391
24.2812 0.983935
24.375 0.98396
24.5 0.98401
24.75 0.984059
25 0.984109
25.1875 0.984159
25.7812 0.984184
25.875 0.984209
26.125 0.984234
26.25 0.984259
26.2812 0.984308
26.5625 0.987173
26.5938 0.987198
26.7188 0.987223
27 0.987272
27.125 0.987297
27.1875 0.987347
27.5625 0.987397
28 0.98782
28.4375 0.987845
28.5 0.98787
28.75 0.987895
29.25 0.98792
29.4688 0.987945
29.5312 0.98797
29.5625 0.987995
29.6875 0.98802
29.75 0.988045
29.9062 0.988069
30 0.988094
30.1875 0.988119
30.625 0.988144
30.75 0.988169
30.875 0.988194
31.2188 0.988219
31.5 0.988244
32.0625 0.988269
32.25 0.988294
32.3125 0.988319
33 0.988443
33.0625 0.988468
33.25 0.988518
33.5938 0.988592
33.6875 0.988617
33.7812 0.988642
34 0.988717
34.125 0.988842
34.375 0.988916
34.4375 0.988941
35 0.988966
35.2188 0.988991
35.25 0.989041
35.4375 0.989066
35.75 0.98914
35.9375 0.989165
36.75 0.98919
37.375 0.989215
37.5 0.98924
37.625 0.989265
37.9688 0.98929
38 0.98934
38.0625 0.98939
38.25 0.989414
38.5 0.989439
38.8125 0.989489
39 0.989589
40 0.989639
40.25 0.989664
41.125 0.989688
41.5625 0.989713
42.1875 0.989738
42.5 0.989788
43 0.989813
43.125 0.989838
43.3125 0.989913
43.75 0.989937
44.4062 0.989962
44.625 0.989987
46.3125 0.990012
46.5 0.990037
47.25 0.990062
48 0.990112
48.4375 0.990137
49 0.990162
49.5 0.990187
49.875 0.990211
50.375 0.990236
50.75 0.990261
51 0.990286
51.5625 0.990311
52.25 0.990336
52.5 0.990386
53.625 0.990411
54 0.990436
56 0.990485
57.375 0.99051
57.5 0.990535
57.8125 0.99056
60 0.990635
60.375 0.993424
60.75 0.993449
61.75 0.993474
62 0.993499
63.75 0.993524
63.9375 0.993549
64 0.993649
67.0625 0.993674
67.5 0.993698
68 0.993798
68.875 0.993823
69 0.993848
72 0.993898
74 0.993923
75 0.993997
76 0.994047
76.5625 0.994321
77.5 0.994346
78 0.994371
78.75 0.994396
80 0.994496
82 0.99452
84 0.994595
86.625 0.99462
87.5 0.994645
88 0.994695
92 0.99472
94 0.994745
94.9375 0.994794
96 0.994919
97.5 0.994944
98 0.994969
99 0.994994
100.625 0.995019
100.75 0.995043
102 0.995068
103.125 0.995093
103.5 0.995118
104 0.995218
104.5 0.995243
104.625 0.995268
112 0.995293
112.5 0.995317
115.5 0.995342
116 0.995442
123.5 0.995467
124 0.995492
128 0.995542
129.25 0.995567
130 0.995591
131.75 0.995616
132 0.995691
133 0.995716
134.125 0.995741
135 0.995766
136 0.995791
148 0.995816
148.5 0.99584
152 0.995915
156 0.995965
157.25 0.99599
160 0.998356
161 0.998381
165 0.998406
166.75 0.998431
168 0.998456
172 0.998481
180 0.998555
187 0.99858
188 0.99863
189.75 0.998655
192 0.998705
195.5 0.99873
196 0.998755
198 0.99878
204.25 0.998804
205 0.998829
218.5 0.998854
220 0.998879
225 0.998904
248 0.998929
255.75 0.998979
256 0.999004
263.5 0.999029
264 0.999054
272 0.999078
275.5 0.999103
276.75 0.999128
297.5 0.999153
306 0.999178
308 0.999203
328 0.999228
336 0.999278
342 0.999303
344 0.999328
367.5 0.999352
392 0.999377
399 0.999402
412.5 0.999676
432 0.999726
512 0.999751
960 0.999801
1280 0.999826
1462 0.999851
1472 0.999875
1984 0.9999
2048 0.999925
2176 0.99995
3072 1
