0 0.500694
0.0078125 0.547947
0.015625 0.726503
0.0234375 0.763737
0.03125 0.883614
0.0390625 0.888117
0.046875 0.894525
0.0546875 0.896409
0.0625 0.89762
0.0703125 0.898473
0.078125 0.904146
0.0859375 0.912418
0.09375 0.913172
0.101562 0.927495
0.109375 0.934934
0.117188 0.94753
0.125 0.94761
0.132812 0.947669
0.140625 0.947729
0.148438 0.947867
0.15625 0.947947
0.164062 0.954215
0.171875 0.954374
0.179688 0.954453
0.1875 0.959929
0.195312 0.960226
0.203125 0.960425
0.210938 0.966158
0.21875 0.966197
0.226562 0.966574
0.234375 0.966594
0.242188 0.966634
0.25 0.966772
0.265625 0.966872
0.28125 0.970046
0.296875 0.970145
0.3125 0.970363
0.328125 0.970442
0.34375 0.970561
0.359375 0.970641
0.375 0.970799
0.390625 0.970879
0.40625 0.971018
0.421875 0.97806
0.4375 0.978159
0.453125 0.978238
0.46875 0.978278
0.484375 0.978338
0.5 0.978476
0.53125 0.978596
0.5625 0.979072
0.59375 0.979171
0.625 0.97925
0.65625 0.979349
0.6875 0.979449
0.71875 0.979508
0.75 0.979587
0.78125 0.986054
0.8125 0.986233
0.84375 0.986451
0.875 0.98657
0.90625 0.986669
0.9375 0.986749
0.96875 0.986788
1 0.987145
1.0625 0.987185
1.125 0.987205
1.1875 0.987284
1.25 0.987304
1.3125 0.994465
1.375 0.994485
1.4375 0.994505
1.5 0.994565
1.5625 0.994723
1.625 0.994763
1.6875 0.994783
1.75 0.994803
1.8125 0.994842
1.875 0.994882
2 0.99512
2.125 0.99514
2.375 0.99516
2.625 0.995199
2.75 0.995239
2.875 0.995259
3 0.995279
3.25 0.995299
3.375 0.995338
3.5 0.995358
3.625 0.995398
3.75 0.995418
3.875 0.995437
4 0.999147
4.25 0.999167
4.5 0.999207
4.75 0.999385
5 0.999405
5.25 0.999425
5.5 0.999464
5.75 0.999484
6.25 0.999504
6.5 0.999524
6.75 0.999564
7 0.999603
7.25 0.999623
7.5 0.999643
7.75 0.999702
8 0.999722
8.5 0.999782
12.5 0.999921
14 0.99994
34 0.99996
72 1
