0 0.503333
0.0078125 0.636663
0.015625 0.720648
0.0234375 0.737387
0.03125 0.782262
0.0390625 0.784965
0.046875 0.787983
0.0546875 0.788929
0.0625 0.813714
0.0703125 0.952836
0.078125 0.956305
0.0859375 0.959431
0.09375 0.959737
0.101562 0.964882
0.109375 0.967503
0.117188 0.972855
0.125 0.9729
0.132812 0.972927
0.140625 0.973008
0.148438 0.973062
0.15625 0.973134
0.164062 0.975882
0.171875 0.975927
0.179688 0.975972
0.1875 0.978432
0.195312 0.978477
0.203125 0.978558
0.210938 0.981603
0.21875 0.981666
0.226562 0.981792
0.234375 0.981819
0.242188 0.981828
0.25 0.9819
0.265625 0.981954
0.28125 0.984234
0.296875 0.984252
0.3125 0.98436
0.328125 0.984414
0.34375 0.984441
0.359375 0.984459
0.375 0.984522
0.390625 0.98454
0.40625 0.984585
0.421875 0.987261
0.4375 0.987297
0.453125 0.987333
0.46875 0.98736
0.484375 0.987396
0.5 0.98745
0.53125 0.987495
0.5625 0.987594
0.59375 0.987657
0.625 0.98772
0.65625 0.987756
0.6875 0.987792
0.71875 0.987828
0.75 0.9879
0.78125 0.990783
0.8125 0.990838
0.84375 0.99091
0.875 0.990937
0.90625 0.990973
0.9375 0.990991
0.96875 0.991027
1 0.991198
1.0625 0.991216
1.125 0.991234
1.1875 0.991288
1.25 0.991297
1.3125 0.993811
1.375 0.99382
1.4375 0.993838
1.5 0.993847
1.5625 0.993955
1.625 0.993973
1.6875 0.993982
1.75 0.994
1.8125 0.994027
1.875 0.994045
1.9375 0.994081
2 0.994153
2.125 0.994171
2.25 0.99418
2.5 0.994198
2.625 0.994207
2.75 0.994225
3 0.994234
3.125 0.994243
3.25 0.994261
3.375 0.99427
3.5 0.994288
3.75 0.994297
3.875 0.994306
4 0.996306
4.25 0.996315
4.5 0.996333
4.75 0.996387
5 0.996396
5.5 0.996414
5.75 0.996432
6 0.999766
6.25 0.999784
7.25 0.999802
7.5 0.999811
7.75 0.999838
8 0.999874
8.5 0.999883
9 0.99991
9.5 0.999928
12.5 0.999964
14 0.999973
18 0.999982
34 1
