0 0.501228
0.0078125 0.529847
0.015625 0.641178
0.0234375 0.663528
0.03125 0.82336
0.0390625 0.826926
0.046875 0.831011
0.0546875 0.832109
0.0625 0.832986
0.0703125 0.833615
0.078125 0.838132
0.0859375 0.842414
0.09375 0.843069
0.101562 0.850066
0.109375 0.853448
0.117188 0.86258
0.125 0.862654
0.132812 0.862703
0.140625 0.862765
0.148438 0.862852
0.15625 0.862975
0.164062 0.867307
0.171875 0.867393
0.179688 0.867529
0.1875 0.973121
0.195312 0.973269
0.203125 0.973417
0.210938 0.978748
0.21875 0.978822
0.226562 0.978995
0.234375 0.979045
0.242188 0.979106
0.25 0.979242
0.265625 0.979341
0.28125 0.980945
0.296875 0.981019
0.3125 0.981106
0.328125 0.981192
0.34375 0.981229
0.359375 0.981266
0.375 0.981414
0.390625 0.981451
0.40625 0.981513
0.421875 0.985092
0.4375 0.985166
0.453125 0.985228
0.46875 0.985252
0.484375 0.985314
0.5 0.985474
0.53125 0.985635
0.5625 0.985919
0.59375 0.986017
0.625 0.986067
0.65625 0.986091
0.6875 0.986153
0.71875 0.986264
0.75 0.986363
0.78125 0.989522
0.8125 0.98967
0.84375 0.989781
0.875 0.989893
0.90625 0.989991
0.9375 0.990065
0.96875 0.990139
1 0.990349
1.0625 0.990398
1.125 0.990436
1.1875 0.990497
1.25 0.990522
1.3125 0.995175
1.375 0.995212
1.4375 0.995249
1.5 0.99531
1.5625 0.995471
1.625 0.995483
1.6875 0.995495
1.75 0.995545
1.8125 0.995594
1.875 0.995619
1.9375 0.995681
2 0.99589
2.125 0.995927
2.25 0.995952
2.375 0.996038
2.5 0.996088
2.625 0.996113
2.75 0.996162
2.875 0.996174
3 0.996199
3.125 0.996236
3.25 0.996273
3.375 0.996335
3.5 0.996384
3.625 0.996421
3.75 0.996458
3.875 0.996495
4 0.998445
4.25 0.998494
4.5 0.998519
4.75 0.998642
5 0.998729
5.25 0.998754
5.5 0.998828
5.75 0.998852
6 0.998902
6.25 0.998926
6.5 0.998939
6.75 0.998963
7 0.999013
7.25 0.999037
7.5 0.99905
7.75 0.999111
8 0.999148
8.5 0.99921
9 0.999247
9.5 0.999284
10 0.999309
10.5 0.999321
11 0.999334
11.5 0.999346
12 0.999383
12.5 0.999556
13 0.999568
14 0.999593
14.5 0.999617
15 0.999642
16 0.999667
17 0.999704
19 0.999716
20 0.999741
21 0.999778
22 0.99979
23 0.999827
24 0.99984
25 0.999852
34 0.999926
64 0.999975
72 1
