0 0.505827
0.0078125 0.552679
0.015625 0.730877
0.0234375 0.76818
0.03125 0.886582
0.0390625 0.891862
0.046875 0.898176
0.0546875 0.900459
0.0625 0.901868
0.0703125 0.902821
0.078125 0.90971
0.0859375 0.915428
0.09375 0.916103
0.101562 0.927816
0.109375 0.933771
0.117188 0.945901
0.125 0.945981
0.132812 0.94606
0.140625 0.946219
0.148438 0.946358
0.15625 0.946477
0.164062 0.95277
0.171875 0.952929
0.179688 0.953048
0.1875 0.960156
0.195312 0.960473
0.203125 0.960692
0.210938 0.967779
0.21875 0.967858
0.226562 0.968256
0.234375 0.968414
0.242188 0.968494
0.25 0.968613
0.265625 0.968712
0.28125 0.972683
0.296875 0.972742
0.3125 0.97304
0.328125 0.9731
0.34375 0.973219
0.359375 0.973258
0.375 0.973397
0.390625 0.973517
0.40625 0.973655
0.421875 0.979552
0.4375 0.979591
0.453125 0.979711
0.46875 0.979869
0.484375 0.979929
0.5 0.980088
0.53125 0.980207
0.5625 0.980604
0.59375 0.980683
0.625 0.980862
0.65625 0.981001
0.6875 0.9811
0.71875 0.981219
0.75 0.981279
0.78125 0.986044
0.8125 0.986123
0.84375 0.986282
0.875 0.986421
0.90625 0.98652
0.9375 0.986619
0.96875 0.986679
1 0.986996
1.0625 0.987036
1.125 0.987096
1.1875 0.987155
1.25 0.987175
1.3125 0.995295
1.375 0.995335
1.4375 0.995394
1.5 0.995493
1.5625 0.995831
1.625 0.995871
1.6875 0.99589
1.75 0.99593
1.8125 0.99597
1.875 0.99601
1.9375 0.996069
2 0.996307
2.125 0.996327
2.25 0.996347
2.5 0.996367
2.625 0.996387
2.875 0.996407
3.125 0.996446
3.25 0.996466
3.5 0.996486
3.625 0.996506
3.75 0.996526
3.875 0.996565
4 0.998948
4.25 0.998968
4.5 0.999007
4.75 0.999107
5 0.999126
5.25 0.999166
5.5 0.999226
6 0.999246
6.25 0.999345
6.5 0.999385
7 0.999424
7.25 0.999444
7.5 0.999484
7.75 0.999504
8 0.999543
8.5 0.999603
9 0.999643
9.5 0.999682
12.5 0.999901
34 0.99994
64 0.99998
72 1
