0 0.50277
0.0078125 0.54591
0.015625 0.723735
0.0234375 0.758467
0.03125 0.878791
0.0390625 0.884076
0.046875 0.890441
0.0546875 0.89213
0.0625 0.893623
0.0703125 0.894389
0.078125 0.901363
0.0859375 0.909634
0.09375 0.91203
0.101562 0.92368
0.109375 0.930654
0.117188 0.942814
0.125 0.942873
0.132812 0.942951
0.140625 0.943089
0.148438 0.943226
0.15625 0.943423
0.164062 0.950318
0.171875 0.950456
0.179688 0.950495
0.1875 0.95741
0.195312 0.957567
0.203125 0.957724
0.210938 0.964718
0.21875 0.964796
0.226562 0.965189
0.234375 0.965288
0.242188 0.966702
0.25 0.96684
0.265625 0.966957
0.28125 0.968843
0.296875 0.968902
0.3125 0.969059
0.328125 0.969138
0.34375 0.969197
0.359375 0.969256
0.375 0.969354
0.390625 0.969472
0.40625 0.969551
0.421875 0.976269
0.4375 0.976348
0.453125 0.976505
0.46875 0.976583
0.484375 0.976682
0.5 0.97678
0.53125 0.976957
0.5625 0.977428
0.59375 0.977546
0.625 0.977644
0.65625 0.977683
0.6875 0.977742
0.71875 0.977821
0.75 0.977939
0.78125 0.984343
0.8125 0.984481
0.84375 0.98454
0.875 0.984638
0.90625 0.984736
0.9375 0.984795
0.96875 0.984873
1 0.985207
1.0625 0.985227
1.125 0.985247
1.1875 0.985443
1.25 0.985482
1.3125 0.992869
1.375 0.992889
1.4375 0.994126
1.5 0.994205
1.5625 0.994421
1.625 0.99446
1.6875 0.994499
1.8125 0.994519
1.9375 0.994598
2 0.994774
2.125 0.994814
2.25 0.994853
2.375 0.994873
2.875 0.994912
3 0.994932
3.125 0.994971
3.25 0.994991
3.375 0.99501
3.5 0.99505
3.875 0.995089
4 0.998468
4.25 0.998546
4.5 0.998586
4.75 0.998723
5 0.998782
5.25 0.998802
5.5 0.99888
6.25 0.9989
6.5 0.99892
6.75 0.998939
7.25 0.998959
7.75 0.999037
8 0.999077
8.5 0.999116
9.5 0.999175
12.5 0.999214
15.5 0.999961
34 1
