2155905152 16.2203
33556480 8.01001
134217856 7.70964
8192 7.68461
65536 6.9587
262144 5.88235
2048 5.00626
134217728 4.18023
2147614728 3.47935
138547332 3.40426
4194304 3.25407
536870912 2.77847
268435456 2.05257
32 1.95244
32768 1.80225
64 1.75219
524288 1.70213
33554432 1.70213
2097280 1.42678
2097152 1.05131
262146 1.02628
134225920 0.97622
8 0.675845
554189328 0.675845
8389120 0.57572
16777216 0.525657
8388616 0.500626
1073741824 0.475594
4096 0.450563
536903682 0.425532
524320 0.425532
67108864 0.400501
2147483648 0.400501
277094664 0.375469
8388608 0.350438
2147485696 0.250313
2098176 0.250313
16785412 0.250313
1108378657 0.250313
1 0.250313
1024 0.250313
512 0.20025
16 0.20025
131072 0.20025
8392706 0.175219
67141648 0.175219
4196353 0.175219
33570824 0.150188
256 0.125156
134283296 0.125156
4 0.100125
2216757314 0.100125
2148532736 0.100125
1074266368 0.100125
1048576 0.100125
128 0.0500626
1048584 0.0500626
537133184 0.0250313
268566592 0.0250313
2 0.0250313
16384 0.0250313
