blackscholes
9.424 9.38
8.116 8.124
7.396 7.488
7.492 7.552
7.5 7.552
7.492 7.556
7.496 7.424
bodytrack
16.068 16.084
16.064 15.892
15.652 15.632
15.564 15.592
15.724 15.616
15.624 15.484
15.44 15.572
canneal
265.032 264.968
222.02 222.092
186.74 186.668
157.38 157.364
151.492 151.652
146.7 146.716
139.988 139.78
dedup
448.372 448.688
448.404 448.192
448.012 448.064
448.016 447.964
448.12 447.784
447.728 447.568
447.72 447.704
freqmine
115.472 115.48
115.508 115.444
115.436 115.52
115.636 115.568
115.516 115.516
115.512 115.488
115.44 115.484
streamcluster
13.656 13.62
13.712 13.732
13.624 13.684
13.616 13.684
13.684 13.7
13.736 13.696
13.616 13.72
swaptions
9.448 9.476
8.116 8.136
7.352 7.34
7.244 7.28
7.344 7.26
7.248 7.34
7.168 7.256
fluidanimate
328.908 328.888
323.252 323.304
322.1 322.112
320.472 320.42
318.748 318.72
318.784 318.628
317.728 317.772
x264
13.632 14.784
13.736 14.624
13.572 14.788
13.628 13.684
14.74 14.628
14.604 14.672
13.632 14.612
