0 0.195216
0.0078125 0.210243
0.015625 0.293313
0.0234375 0.320746
0.03125 0.469674
0.0390625 0.470898
0.046875 0.547188
0.0546875 0.548044
0.0625 0.682504
0.0703125 0.694683
0.078125 0.698719
0.0859375 0.702773
0.09375 0.784393
0.101562 0.791417
0.109375 0.79299
0.117188 0.79956
0.125 0.867934
0.140625 0.870555
0.148438 0.870608
0.15625 0.876182
0.164062 0.878523
0.171875 0.880131
0.179688 0.880183
0.1875 0.884814
0.203125 0.886561
0.210938 0.889374
0.21875 0.892467
0.226562 0.892589
0.234375 0.900138
0.242188 0.900156
0.25 0.900872
0.257812 0.902567
0.265625 0.902689
0.28125 0.905188
0.304688 0.912107
0.3125 0.914938
0.328125 0.920774
0.34375 0.924584
0.351562 0.929948
0.359375 0.930053
0.375 0.934509
0.390625 0.934718
0.40625 0.937182
0.421875 0.939017
0.4375 0.942512
0.445312 0.942599
0.453125 0.942704
0.46875 0.945709
0.484375 0.945762
0.492188 0.949134
0.5 0.949291
0.53125 0.949396
0.539062 0.949466
0.5625 0.953503
0.585938 0.953538
0.59375 0.953642
0.609375 0.953712
0.625 0.953922
0.632812 0.958133
0.65625 0.959548
0.679688 0.959688
0.6875 0.959811
0.703125 0.959863
0.71875 0.959985
0.726562 0.96002
0.75 0.961174
0.78125 0.964738
0.796875 0.964791
0.8125 0.964913
0.84375 0.971605
0.875 0.971693
0.890625 0.97171
0.90625 0.971885
0.9375 0.972007
0.96875 0.972147
0.984375 0.972164
1 0.972427
1.03125 0.972462
1.0625 0.972549
1.07812 0.972584
1.125 0.973213
1.1875 0.973318
1.21875 0.973353
1.25 0.97344
1.26562 0.976288
1.3125 0.977459
1.35938 0.977529
1.375 0.977581
1.40625 0.977616
1.4375 0.977721
1.45312 0.977739
1.5 0.977878
1.5625 0.980622
1.59375 0.980639
1.625 0.980727
1.6875 0.982352
1.75 0.982456
1.78125 0.982474
1.8125 0.982579
1.875 0.982596
1.9375 0.982649
1.96875 0.982666
2 0.982981
2.0625 0.982998
2.125 0.983051
2.15625 0.983085
2.25 0.983295
2.34375 0.984274
2.375 0.984309
2.4375 0.984379
2.5 0.984466
2.53125 0.984518
2.625 0.986877
2.71875 0.986912
2.75 0.986982
2.8125 0.987017
2.875 0.987035
3 0.987174
3.125 0.988397
3.1875 0.988415
3.25 0.988467
3.375 0.988502
3.625 0.988572
3.75 0.98866
3.875 0.988677
3.9375 0.989988
4 0.992049
4.25 0.992102
4.3125 0.992137
4.5 0.992189
4.75 0.992242
5 0.992259
5.0625 0.992277
5.25 0.994548
5.75 0.994601
6 0.994653
6.25 0.99474
6.375 0.994758
6.5 0.994775
6.75 0.99481
7 0.994845
7.125 0.994863
7.5 0.994933
7.75 0.995055
7.875 0.995072
8 0.997571
8.625 0.997606
9.5 0.997624
10 0.997659
10.5 0.997676
10.875 0.997711
11 0.997728
11.625 0.997746
12 0.998462
12.75 0.99848
13 0.998497
13.5 0.998532
14 0.99855
14.25 0.998602
15.5 0.998637
16 0.999231
17 0.999249
18.75 0.999266
19 0.999371
21 0.999406
21.75 0.999423
22 0.999458
25 0.999668
25.5 0.999703
27 0.999738
28 0.999755
28.5 0.999773
30 0.999808
31 0.999825
32 0.999843
34 0.999878
36 0.999895
38 0.999913
50 0.999948
68 0.999965
128 1
