0 0.198123
0.0078125 0.203202
0.015625 0.229156
0.0234375 0.237684
0.03125 0.329089
0.0390625 0.32948
0.046875 0.354261
0.0546875 0.354484
0.0625 0.440641
0.0703125 0.444031
0.078125 0.445612
0.0859375 0.44628
0.09375 0.516826
0.101562 0.51832
0.109375 0.519536
0.117188 0.521296
0.125 0.587594
0.132812 0.587611
0.140625 0.588458
0.148438 0.58848
0.15625 0.59005
0.164062 0.59138
0.171875 0.591891
0.179688 0.591913
0.1875 0.685523
0.195312 0.685545
0.203125 0.686691
0.210938 0.687109
0.21875 0.68775
0.226562 0.687794
0.234375 0.690238
0.242188 0.690244
0.25 0.690385
0.257812 0.691547
0.265625 0.691564
0.28125 0.692422
0.296875 0.692427
0.304688 0.693367
0.3125 0.694013
0.328125 0.69548
0.34375 0.696279
0.351562 0.698125
0.359375 0.698153
0.375 0.790714
0.390625 0.790791
0.398438 0.790818
0.40625 0.792637
0.421875 0.794071
0.4375 0.794631
0.445312 0.794653
0.453125 0.794734
0.46875 0.796271
0.484375 0.796309
0.492188 0.79701
0.5 0.797059
0.515625 0.797075
0.53125 0.797108
0.539062 0.797135
0.5625 0.890284
0.585938 0.890295
0.59375 0.890333
0.609375 0.890365
0.625 0.890392
0.632812 0.891403
0.65625 0.891973
0.679688 0.892006
0.6875 0.892027
0.703125 0.892038
0.71875 0.892076
0.726562 0.892082
0.75 0.984693
0.78125 0.985393
0.796875 0.985415
0.8125 0.985475
0.84375 0.987566
0.875 0.987631
0.890625 0.987642
0.90625 0.987696
0.9375 0.987756
0.96875 0.987789
0.984375 0.987794
1 0.987887
1.03125 0.987892
1.0625 0.987941
1.07812 0.987957
1.125 0.98837
1.17188 0.988375
1.1875 0.988435
1.25 0.988495
1.26562 0.989413
1.3125 0.989853
1.35938 0.989858
1.375 0.989918
1.40625 0.98994
1.4375 0.989978
1.45312 0.989994
1.5 0.990049
1.5625 0.990852
1.59375 0.990896
1.625 0.99095
1.6875 0.991732
1.75 0.991749
1.78125 0.99177
1.8125 0.99183
1.875 0.991885
1.9375 0.991906
1.96875 0.991917
2 0.991982
2.0625 0.992004
2.125 0.992042
2.15625 0.992058
2.25 0.992118
2.34375 0.99283
2.375 0.992857
2.4375 0.992884
2.5 0.9929
2.53125 0.992917
2.625 0.994074
2.75 0.994101
2.8125 0.994112
2.875 0.994128
2.90625 0.994139
3 0.994258
3.125 0.99478
3.1875 0.994791
3.25 0.994812
3.375 0.994834
3.5 0.994867
3.5625 0.994883
3.625 0.994899
3.75 0.994937
3.875 0.994959
3.9375 0.995741
4 0.995986
4.125 0.995991
4.25 0.996029
4.3125 0.99604
4.5 0.996078
4.6875 0.9961
4.75 0.996143
4.875 0.996154
5 0.996176
5.0625 0.996187
5.25 0.996833
5.4375 0.996844
5.5 0.996871
5.625 0.996887
5.75 0.996915
5.8125 0.99692
6 0.996974
6.25 0.997023
6.375 0.99704
6.5 0.997067
6.75 0.997099
7 0.99711
7.125 0.997121
7.25 0.997148
7.5 0.997175
7.75 0.997219
7.875 0.997224
8 0.997865
8.25 0.997876
8.5 0.997887
8.625 0.997898
9 0.99793
9.5 0.997979
9.75 0.998001
10 0.998039
10.5 0.998066
10.875 0.998072
11 0.998088
11.5 0.99811
11.625 0.998115
12 0.998207
12.5 0.998245
13 0.998267
13.5 0.998294
14 0.998311
14.25 0.998338
14.5 0.99836
15 0.998398
15.5 0.998414
15.75 0.998419
16 0.999011
16.5 0.999017
17 0.999049
17.25 0.999055
18 0.999071
19 0.999087
20 0.999104
20.25 0.999109
21 0.999136
21.75 0.999142
22 0.999147
23 0.999158
23.25 0.999163
24 0.999196
25 0.999212
26 0.999223
27 0.99924
28 0.99925
28.5 0.999261
29 0.999272
30 0.999299
31 0.999316
31.5 0.999321
32 0.999337
33 0.999343
34 0.99943
34.5 0.999435
36 0.999446
37.5 0.999457
38 0.999473
40 0.999495
40.5 0.9995
42 0.999522
43.5 0.999527
44 0.999533
46 0.999538
46.5 0.999549
48 0.999565
50 0.999609
51 0.99962
52 0.999625
54 0.999636
56 0.999647
57 0.999652
60 0.999658
62 0.999663
64 0.999669
66 0.999674
68 0.999756
69 0.999761
72 0.999766
75 0.999772
80 0.999783
84 0.999788
87 0.999799
92 0.99981
96 0.999815
102 0.999908
104 0.999913
108 0.999919
128 0.99994
136 0.999978
144 0.999984
216 0.999995
256 1
