0 7.30044e-06
0 0.195009
0 0.195017
0.0078125 0.215305
0.015625 0.274774
0.0234375 0.353086
0.03125 0.443312
0.0390625 0.446765
0.046875 0.544182
0.0546875 0.54657
0.0625 0.617092
0.0703125 0.675525
0.078125 0.681314
0.0859375 0.683489
0.09375 0.77676
0.101562 0.778906
0.109375 0.782899
0.117188 0.789652
0.125 0.823687
0.132812 0.824388
0.140625 0.829703
0.148438 0.830287
0.15625 0.837134
0.164062 0.841566
0.171875 0.844741
0.179688 0.845223
0.1875 0.852538
0.195312 0.852947
0.203125 0.856795
0.210938 0.859649
0.21875 0.863818
0.226562 0.864212
0.234375 0.871118
0.242188 0.871374
0.25 0.874162
0.257812 0.875951
0.265625 0.877185
0.28125 0.882054
0.296875 0.883113
0.304688 0.885646
0.3125 0.888727
0.328125 0.891669
0.34375 0.894669
0.351562 0.896545
0.359375 0.89737
0.375 0.901364
0.390625 0.902079
0.398438 0.902773
0.40625 0.906547
0.421875 0.909788
0.4375 0.912132
0.445312 0.912716
0.453125 0.913322
0.46875 0.916826
0.484375 0.917322
0.492188 0.918418
0.5 0.919702
0.515625 0.920199
0.53125 0.921761
0.539062 0.92225
0.5625 0.925864
0.585938 0.926302
0.59375 0.927675
0.609375 0.928025
0.625 0.929295
0.632812 0.929945
0.65625 0.933084
0.679688 0.933435
0.6875 0.934435
0.703125 0.934719
0.71875 0.935734
0.726562 0.936085
0.75 0.938194
0.78125 0.939516
0.796875 0.939968
0.8125 0.940837
0.84375 0.945013
0.875 0.945853
0.890625 0.946196
0.90625 0.946875
0.9375 0.948028
0.96875 0.948722
0.984375 0.949152
1 0.949839
1.03125 0.950182
1.0625 0.951379
1.07812 0.951686
1.125 0.953233
1.17188 0.953503
1.1875 0.95446
1.21875 0.95473
1.25 0.955686
1.26562 0.95673
1.3125 0.959074
1.35938 0.959307
1.375 0.95995
1.40625 0.960213
1.4375 0.960965
1.45312 0.961257
1.5 0.96214
1.5625 0.964053
1.59375 0.964505
1.625 0.965184
1.6875 0.967637
1.75 0.968192
1.78125 0.968535
1.8125 0.969032
1.875 0.96982
1.9375 0.970236
1.96875 0.970455
2 0.971061
2.0625 0.971324
2.125 0.972178
2.15625 0.972368
2.25 0.973485
2.34375 0.974551
2.375 0.975361
2.4375 0.975544
2.5 0.976179
2.53125 0.976368
2.625 0.977602
2.71875 0.977763
2.75 0.978223
2.8125 0.978325
2.875 0.97877
2.90625 0.978894
3 0.979588
3.125 0.981639
3.1875 0.981858
3.25 0.982216
3.375 0.982793
3.5 0.983099
3.5625 0.983267
3.625 0.983516
3.75 0.984012
3.875 0.984348
3.9375 0.985516
4 0.986545
4.125 0.986662
4.25 0.987188
4.3125 0.987414
4.5 0.987932
4.6875 0.988144
4.75 0.988531
4.875 0.988633
5 0.989035
5.0625 0.989115
5.25 0.990677
5.4375 0.990721
5.5 0.990955
5.625 0.990999
5.75 0.991269
5.8125 0.991371
6 0.991772
6.25 0.991962
6.375 0.992116
6.5 0.99232
6.75 0.992721
7 0.992955
7.125 0.993065
7.25 0.993196
7.5 0.993444
7.75 0.993546
7.875 0.993634
8 0.994109
8.25 0.994189
8.5 0.994459
8.625 0.994517
9 0.994817
9.375 0.99486
9.5 0.995065
9.75 0.995109
10 0.995284
10.125 0.995313
10.5 0.995474
10.875 0.99551
11 0.995634
11.25 0.995671
11.5 0.995795
11.625 0.995839
12 0.996394
12.5 0.996569
12.75 0.996613
13 0.996729
13.5 0.996919
14 0.997021
14.25 0.99708
14.5 0.997175
15 0.997321
15.5 0.997394
15.75 0.997438
16 0.997824
16.5 0.997876
17 0.997978
17.25 0.998014
18 0.998204
18.75 0.998219
19 0.998335
19.5 0.998365
20 0.99843
20.25 0.99846
21 0.998525
21.75 0.998533
22 0.998598
22.5 0.998613
23 0.998657
23.25 0.998671
24 0.998766
25 0.998825
25.5 0.998854
26 0.998934
27 0.999
28 0.999022
28.5 0.999066
29 0.999109
30 0.999153
31 0.999182
32 0.999226
33 0.999248
34 0.999314
34.5 0.999321
36 0.999365
37.5 0.999452
38 0.999504
40 0.999525
40.5 0.99954
42 0.999577
43.5 0.999598
45 0.999606
46 0.99962
46.5 0.999642
48 0.999657
50 0.999671
51 0.999693
52 0.999715
54 0.999723
56 0.999737
57 0.999744
58 0.999752
60 0.999766
62 0.999774
64 0.999796
66 0.999803
72 0.999832
76 0.999839
81 0.999847
84 0.999861
88 0.999869
90 0.999876
92 0.999883
96 0.99989
102 0.999898
104 0.999912
108 0.99992
114 0.999927
128 0.999942
132 0.999949
136 0.999956
144 0.999971
150 0.999978
176 0.999985
192 0.999993
232 1
