0 0.194492
0.0078125 0.211538
0.015625 0.302815
0.0234375 0.329401
0.03125 0.476316
0.0390625 0.477567
0.046875 0.553553
0.0546875 0.553849
0.0625 0.687107
0.0703125 0.699635
0.078125 0.705056
0.0859375 0.706759
0.09375 0.787785
0.101562 0.790895
0.109375 0.793779
0.117188 0.801512
0.125 0.868879
0.132812 0.868931
0.140625 0.871607
0.148438 0.871677
0.15625 0.875673
0.164062 0.878367
0.171875 0.880504
0.179688 0.880556
0.1875 0.885265
0.195312 0.885508
0.203125 0.886881
0.210938 0.889835
0.21875 0.894752
0.226562 0.894874
0.234375 0.902641
0.242188 0.902659
0.25 0.903197
0.257812 0.907524
0.265625 0.907559
0.28125 0.909887
0.296875 0.909939
0.304688 0.916403
0.3125 0.918506
0.328125 0.919635
0.34375 0.922033
0.351562 0.925195
0.359375 0.925265
0.375 0.925873
0.390625 0.925908
0.398438 0.925995
0.40625 0.930287
0.421875 0.93265
0.4375 0.935013
0.453125 0.935256
0.46875 0.939253
0.484375 0.939374
0.492188 0.942398
0.5 0.942537
0.515625 0.942572
0.53125 0.942676
0.539062 0.942711
0.5625 0.945109
0.585938 0.945143
0.59375 0.945248
0.609375 0.945334
0.625 0.945578
0.632812 0.949574
0.65625 0.952354
0.679688 0.952511
0.6875 0.952615
0.703125 0.95265
0.71875 0.952772
0.726562 0.952789
0.75 0.955204
0.78125 0.957758
0.796875 0.957828
0.8125 0.958002
0.84375 0.966308
0.875 0.966447
0.890625 0.966481
0.90625 0.966638
0.9375 0.966846
0.96875 0.966881
0.984375 0.96695
1 0.967159
1.03125 0.967176
1.0625 0.967298
1.07812 0.967333
1.125 0.968271
1.17188 0.968306
1.1875 0.968375
1.21875 0.968393
1.25 0.96848
1.26562 0.970791
1.3125 0.973814
1.35938 0.973849
1.375 0.973918
1.40625 0.973988
1.4375 0.974109
1.45312 0.974144
1.5 0.974248
1.5625 0.974909
1.59375 0.974961
1.625 0.975065
1.6875 0.977915
1.75 0.97795
1.78125 0.977967
1.8125 0.978071
1.875 0.978228
1.9375 0.97828
1.96875 0.978315
2 0.978697
2.0625 0.978749
2.125 0.978801
2.15625 0.978836
2.25 0.978957
2.34375 0.981234
2.375 0.981303
2.4375 0.981338
2.5 0.981373
2.53125 0.981494
2.625 0.983736
2.71875 0.983753
2.75 0.983805
2.875 0.983875
3 0.983997
3.125 0.987715
3.25 0.987785
3.375 0.987802
3.5 0.987837
3.5625 0.987871
3.625 0.987889
3.75 0.987941
3.875 0.987976
3.9375 0.990374
4 0.991851
4.125 0.991868
4.25 0.991885
4.5 0.991937
4.6875 0.992007
4.75 0.992059
4.875 0.992076
5.25 0.994248
5.4375 0.994301
5.625 0.994318
5.75 0.99437
5.8125 0.994422
6 0.994492
6.25 0.994735
6.5 0.994752
6.75 0.994787
7.25 0.994822
7.5 0.994857
7.75 0.994874
8 0.996281
8.5 0.996368
9 0.996403
9.375 0.996421
9.5 0.996507
10 0.996525
10.125 0.996542
10.5 0.996577
11 0.996612
11.625 0.996664
12 0.997307
12.5 0.997341
13 0.997376
13.5 0.997411
14 0.997446
14.25 0.997498
14.5 0.997515
15 0.99755
15.5 0.997602
16 0.999305
16.5 0.999357
18 0.999392
18.75 0.999409
19 0.999427
19.5 0.999444
20 0.999461
22.5 0.999479
24 0.999531
28.5 0.999548
30 0.999566
31 0.999583
32 0.9996
34 0.999635
36 0.999652
38 0.99967
50 0.99993
68 0.999948
144 0.999983
200 1
