0 0.195741
0.0078125 0.21045
0.015625 0.298099
0.0234375 0.32502
0.03125 0.467432
0.0390625 0.469875
0.046875 0.550851
0.0546875 0.551435
0.0625 0.684007
0.0703125 0.696697
0.078125 0.699388
0.0859375 0.702627
0.09375 0.783072
0.101562 0.789886
0.109375 0.793161
0.117188 0.800329
0.125 0.864951
0.132812 0.864969
0.140625 0.867553
0.148438 0.867588
0.15625 0.871057
0.164062 0.873518
0.171875 0.878403
0.179688 0.878438
0.1875 0.883376
0.195312 0.88343
0.203125 0.886651
0.210938 0.889023
0.21875 0.890262
0.226562 0.890456
0.234375 0.897695
0.242188 0.898209
0.25 0.898757
0.257812 0.900368
0.265625 0.900457
0.28125 0.902351
0.296875 0.902421
0.304688 0.906315
0.3125 0.908953
0.328125 0.915218
0.34375 0.916988
0.351562 0.921484
0.359375 0.921537
0.375 0.924192
0.390625 0.924404
0.398438 0.924422
0.40625 0.929059
0.421875 0.932529
0.4375 0.936493
0.445312 0.936529
0.453125 0.936706
0.46875 0.93998
0.484375 0.940458
0.492188 0.942317
0.5 0.94237
0.515625 0.942423
0.53125 0.942511
0.539062 0.942547
0.5625 0.94798
0.585938 0.948016
0.59375 0.948157
0.609375 0.948264
0.625 0.94837
0.632812 0.950883
0.65625 0.952742
0.679688 0.953007
0.6875 0.953113
0.703125 0.953131
0.71875 0.953202
0.726562 0.95368
0.75 0.955131
0.78125 0.956087
0.796875 0.95614
0.8125 0.956264
0.84375 0.9626
0.875 0.962742
0.890625 0.962777
0.90625 0.962884
0.9375 0.963078
0.96875 0.963556
0.984375 0.963609
1 0.963733
1.03125 0.963769
1.0625 0.963839
1.07812 0.963875
1.125 0.964636
1.17188 0.964689
1.1875 0.96476
1.21875 0.964778
1.26562 0.968317
1.3125 0.970211
1.35938 0.970264
1.375 0.9703
1.40625 0.970353
1.4375 0.970884
1.45312 0.970937
1.5 0.971149
1.5625 0.974565
1.59375 0.974636
1.625 0.974778
1.6875 0.97676
1.75 0.976849
1.78125 0.976884
1.8125 0.976937
1.875 0.977079
1.9375 0.977114
2 0.977468
2.0625 0.977521
2.125 0.977574
2.15625 0.97761
2.25 0.977751
2.34375 0.980636
2.375 0.98076
2.4375 0.980796
2.5 0.980831
2.53125 0.980884
2.625 0.981344
2.71875 0.981362
2.75 0.981398
2.8125 0.981415
2.875 0.981929
2.90625 0.981946
3 0.982141
3.125 0.984159
3.25 0.984247
3.375 0.984336
3.5 0.984353
3.5625 0.984477
3.625 0.98453
3.75 0.984619
3.875 0.984725
3.9375 0.98938
4 0.989522
4.125 0.989539
4.25 0.989646
4.3125 0.990088
4.5 0.990159
4.75 0.990354
4.875 0.990371
5.25 0.992814
5.4375 0.992832
5.5 0.992849
5.75 0.993292
6 0.993363
6.25 0.993575
6.375 0.993593
6.5 0.99361
6.75 0.993628
7 0.993699
7.125 0.993717
7.25 0.993734
7.5 0.993752
7.75 0.99377
8 0.994602
8.5 0.994619
8.625 0.994637
9 0.99469
9.375 0.994708
9.5 0.994849
9.75 0.994885
10.5 0.99492
10.875 0.994938
11 0.994973
11.25 0.994991
11.5 0.995044
12 0.99577
12.5 0.995787
12.75 0.995823
13.5 0.995858
14.25 0.995911
14.5 0.995929
15.5 0.996159
16 0.998584
16.5 0.998637
17 0.998673
18.75 0.99869
20 0.998726
20.25 0.998743
21.75 0.998761
22 0.998779
24 0.998814
25.5 0.998832
26 0.99885
27 0.998867
30 0.998885
31 0.999133
34 0.99915
37.5 0.999327
38 0.999363
46.5 0.999646
50 0.999681
62 0.999876
102 0.999894
136 0.999912
144 0.999929
192 0.999965
288 1
