0 0.203574
0.0078125 0.220354
0.015625 0.308073
0.0234375 0.335808
0.03125 0.478525
0.0390625 0.479926
0.046875 0.564971
0.0546875 0.565862
0.0625 0.692928
0.0703125 0.705194
0.078125 0.70958
0.0859375 0.71342
0.09375 0.790475
0.101562 0.795643
0.109375 0.799228
0.117188 0.802923
0.125 0.866201
0.132812 0.866237
0.140625 0.868567
0.148438 0.868639
0.15625 0.8749
0.164062 0.878085
0.171875 0.87914
0.179688 0.879158
0.1875 0.884218
0.195312 0.884291
0.203125 0.88915
0.210938 0.892462
0.21875 0.895738
0.226562 0.895902
0.234375 0.903199
0.242188 0.903218
0.25 0.903818
0.257812 0.907622
0.265625 0.907731
0.28125 0.909205
0.296875 0.909296
0.304688 0.912863
0.3125 0.914446
0.328125 0.917577
0.34375 0.918614
0.351562 0.923782
0.359375 0.923837
0.375 0.926494
0.390625 0.926549
0.398438 0.926585
0.40625 0.931826
0.421875 0.936849
0.4375 0.939543
0.445312 0.939579
0.453125 0.939943
0.46875 0.944984
0.484375 0.945039
0.492188 0.947896
0.5 0.948169
0.515625 0.948206
0.53125 0.948369
0.539062 0.948424
0.5625 0.95008
0.585938 0.950116
0.59375 0.950207
0.609375 0.95028
0.625 0.950335
0.632812 0.953174
0.65625 0.957341
0.679688 0.957451
0.6875 0.957614
0.703125 0.957669
0.71875 0.957796
0.726562 0.957833
0.75 0.961327
0.78125 0.963729
0.796875 0.963766
0.8125 0.96393
0.84375 0.969844
0.875 0.96999
0.890625 0.970008
0.90625 0.970263
0.9375 0.970427
0.96875 0.970499
0.984375 0.970554
1 0.971009
1.03125 0.971027
1.0625 0.9711
1.125 0.971428
1.17188 0.971464
1.1875 0.971537
1.21875 0.971573
1.25 0.971628
1.26562 0.972319
1.3125 0.974285
1.35938 0.974376
1.375 0.974449
1.40625 0.97454
1.4375 0.974631
1.45312 0.974685
1.5 0.974867
1.5625 0.976432
1.59375 0.976523
1.625 0.976632
1.6875 0.979108
1.75 0.979199
1.78125 0.979217
1.8125 0.979308
1.875 0.979399
1.9375 0.979435
1.96875 0.979472
2 0.979817
2.0625 0.979854
2.125 0.979926
2.15625 0.979945
2.25 0.980163
2.34375 0.981437
2.375 0.981492
2.4375 0.98151
2.5 0.981619
2.53125 0.981692
2.625 0.985332
2.71875 0.985404
2.75 0.985459
2.8125 0.985477
3 0.985659
3.125 0.988444
3.1875 0.988462
3.25 0.988607
3.375 0.98868
3.5 0.988735
3.5625 0.988753
3.625 0.988826
3.75 0.988917
3.875 0.98899
3.9375 0.990336
4 0.991301
4.25 0.991355
4.3125 0.991392
4.5 0.99141
4.75 0.991483
5 0.991519
5.0625 0.991556
5.25 0.993558
5.4375 0.993576
5.5 0.993667
5.75 0.993721
6 0.993976
6.25 0.994049
6.5 0.994085
6.75 0.99414
7 0.994158
7.125 0.994176
7.25 0.994195
7.5 0.994231
7.75 0.994322
8 0.994577
9 0.994613
9.5 0.994686
9.75 0.994704
10 0.994722
10.5 0.994759
11 0.994777
11.5 0.994795
11.625 0.994813
12 0.997361
13 0.997398
13.5 0.997452
14 0.997489
14.25 0.997525
15 0.997543
15.5 0.997561
16 0.999108
17 0.999163
18 0.999181
19 0.999236
21 0.999272
22 0.999308
24 0.999399
26 0.999418
27 0.999436
28.5 0.999454
32 0.999509
37.5 0.999672
38 0.999691
42 0.999709
50 0.999745
64 0.999782
102 0.9998
128 0.999818
136 0.999836
144 0.999873
192 0.999909
256 1
