0 0.338461
0.0078125 0.366698
0.015625 0.507426
0.0234375 0.530639
0.03125 0.740071
0.0390625 0.74262
0.046875 0.768528
0.0546875 0.769335
0.0625 0.870311
0.0703125 0.870824
0.078125 0.878782
0.0859375 0.882541
0.09375 0.887381
0.101562 0.892827
0.109375 0.898071
0.117188 0.906249
0.125 0.907037
0.132812 0.907092
0.140625 0.907642
0.148438 0.907697
0.15625 0.91373
0.164062 0.91692
0.171875 0.921449
0.179688 0.921523
0.1875 0.924548
0.195312 0.924731
0.203125 0.933093
0.210938 0.937952
0.21875 0.941545
0.226562 0.941692
0.234375 0.948293
0.242188 0.94833
0.25 0.948531
0.265625 0.948678
0.28125 0.95053
0.296875 0.95064
0.3125 0.950842
0.328125 0.954692
0.34375 0.954784
0.359375 0.954875
0.375 0.957277
0.390625 0.957369
0.40625 0.957534
0.421875 0.966592
0.4375 0.966665
0.453125 0.96694
0.46875 0.96705
0.484375 0.967142
0.5 0.967362
0.53125 0.967509
0.5625 0.968976
0.59375 0.969086
0.625 0.969269
0.65625 0.969379
0.6875 0.969507
0.71875 0.969654
0.75 0.969764
0.78125 0.975632
0.8125 0.975797
0.84375 0.979097
0.875 0.979225
0.90625 0.979354
0.9375 0.979446
0.96875 0.979592
1 0.979849
1.0625 0.979959
1.125 0.980161
1.1875 0.980271
1.25 0.980344
1.3125 0.985625
1.375 0.985716
1.4375 0.985826
1.5 0.985955
1.5625 0.990044
1.625 0.990154
1.6875 0.990245
1.75 0.990374
1.8125 0.99041
1.875 0.990429
1.9375 0.990447
2 0.990777
2.125 0.990795
2.25 0.990832
2.375 0.990887
2.625 0.993839
2.75 0.993857
2.875 0.993913
3 0.993968
3.125 0.994004
3.25 0.994078
3.375 0.994114
3.5 0.994169
3.625 0.994206
3.75 0.994243
3.875 0.994316
4 0.996259
4.25 0.996314
4.5 0.996333
4.75 0.996425
5 0.996498
5.5 0.996516
5.75 0.996535
6 0.996553
6.25 0.99659
6.75 0.996626
7.25 0.996663
7.5 0.996681
7.75 0.996736
8 0.99934
8.5 0.999377
9 0.999395
9.5 0.999487
10.5 0.999523
11 0.999542
12 0.99956
12.5 0.999597
13 0.999633
14 0.99967
15.5 0.999707
16 0.999725
17 0.999762
18 0.99978
19 0.999817
25 0.999927
28 0.999945
34 0.999963
72 1
