0 0.34047
0.0078125 0.364309
0.015625 0.487162
0.0234375 0.505956
0.03125 0.688305
0.0390625 0.6905
0.046875 0.713202
0.0546875 0.714106
0.0625 0.804727
0.0703125 0.805303
0.078125 0.811968
0.0859375 0.815424
0.09375 0.819473
0.101562 0.827429
0.109375 0.831602
0.117188 0.836569
0.125 0.87886
0.132812 0.878906
0.140625 0.879358
0.148438 0.879405
0.15625 0.884014
0.164062 0.887392
0.171875 0.891347
0.179688 0.891456
0.1875 0.894103
0.195312 0.894212
0.203125 0.899538
0.210938 0.904832
0.21875 0.908646
0.226562 0.908911
0.234375 0.916214
0.242188 0.916307
0.25 0.957912
0.265625 0.958068
0.28125 0.959205
0.296875 0.959236
0.3125 0.959469
0.328125 0.96193
0.34375 0.961976
0.359375 0.96207
0.375 0.965807
0.390625 0.965993
0.40625 0.966102
0.421875 0.97177
0.4375 0.971895
0.453125 0.972128
0.46875 0.972284
0.484375 0.972331
0.5 0.972518
0.53125 0.972673
0.5625 0.974791
0.59375 0.974884
0.625 0.974962
0.65625 0.975087
0.6875 0.975149
0.71875 0.975211
0.75 0.97532
0.78125 0.980101
0.8125 0.98021
0.84375 0.983666
0.875 0.983806
0.90625 0.9839
0.9375 0.983931
0.96875 0.98404
1 0.984242
1.0625 0.984351
1.125 0.984554
1.1875 0.984663
1.25 0.984819
1.3125 0.989023
1.375 0.989069
1.4375 0.9891
1.5 0.989194
1.5625 0.991467
1.625 0.991576
1.6875 0.99167
1.75 0.991748
1.8125 0.991779
1.875 0.991841
1.9375 0.991857
2 0.992215
2.125 0.992246
2.375 0.992308
2.625 0.994986
2.75 0.995033
2.875 0.995049
3 0.99508
3.125 0.995329
3.25 0.99536
3.375 0.995375
3.5 0.995407
3.625 0.995469
3.75 0.995484
3.875 0.995547
4 0.996699
4.25 0.99673
4.5 0.996761
4.75 0.996855
5 0.996886
5.25 0.996901
5.5 0.996933
5.75 0.996964
6 0.996995
6.25 0.99701
6.5 0.997042
6.75 0.997073
7 0.997088
7.25 0.997119
7.75 0.997197
8 0.999346
8.5 0.999377
9 0.999393
9.5 0.999471
10 0.999486
10.5 0.999502
11 0.999533
11.5 0.999548
12 0.999564
12.5 0.99958
14 0.999595
15 0.999626
15.5 0.999642
16 0.999673
18 0.999689
25 0.99972
28 0.999735
32 0.999751
34 0.999766
38 0.999782
76 0.999938
144 0.999969
152 0.999984
192 1
