0 0.340071
0.0078125 0.369046
0.015625 0.462792
0.0234375 0.573359
0.03125 0.690349
0.0390625 0.695041
0.046875 0.810577
0.0546875 0.813399
0.0625 0.867895
0.0703125 0.869825
0.078125 0.877868
0.0859375 0.880724
0.09375 0.886568
0.101562 0.890992
0.109375 0.896774
0.117188 0.901371
0.125 0.90447
0.132812 0.905293
0.140625 0.90776
0.148438 0.908392
0.15625 0.911751
0.164062 0.913283
0.171875 0.91775
0.179688 0.918322
0.1875 0.922399
0.195312 0.922996
0.203125 0.928338
0.210938 0.929628
0.21875 0.932727
0.226562 0.933134
0.234375 0.937791
0.242188 0.938085
0.25 0.939289
0.265625 0.940838
0.28125 0.943236
0.296875 0.944388
0.3125 0.945487
0.328125 0.948387
0.34375 0.949391
0.359375 0.950396
0.375 0.952724
0.390625 0.953555
0.40625 0.9543
0.421875 0.958724
0.4375 0.959433
0.453125 0.960187
0.46875 0.960871
0.484375 0.961468
0.5 0.962065
0.53125 0.963113
0.5625 0.965398
0.59375 0.966229
0.625 0.967173
0.65625 0.967909
0.6875 0.968575
0.71875 0.969276
0.75 0.969865
0.78125 0.971891
0.8125 0.972488
0.84375 0.975111
0.875 0.975665
0.90625 0.976124
0.9375 0.976669
0.96875 0.977154
1 0.977708
1.0625 0.9786
1.125 0.979483
1.1875 0.98015
1.25 0.980695
1.3125 0.983656
1.375 0.984063
1.4375 0.984426
1.5 0.984954
1.5625 0.986937
1.625 0.987292
1.6875 0.987672
1.75 0.988045
1.8125 0.98833
1.875 0.988616
1.9375 0.988928
2 0.989369
2.125 0.989819
2.25 0.990183
2.375 0.990538
2.5 0.990832
2.625 0.99265
2.75 0.992893
2.875 0.993126
3 0.993438
3.125 0.993767
3.25 0.993949
3.375 0.994122
3.5 0.994304
3.625 0.994434
3.75 0.994607
3.875 0.994754
4 0.995732
4.25 0.995975
4.5 0.996286
4.75 0.996494
5 0.996676
5.25 0.996858
5.5 0.996996
5.75 0.997135
6 0.997247
6.25 0.99736
6.5 0.997481
6.75 0.997576
7 0.99768
7.25 0.997801
7.5 0.997879
7.75 0.997957
8 0.998485
8.5 0.998641
9 0.998771
9.5 0.998901
10 0.998944
10.5 0.998987
11 0.999056
11.5 0.9991
12 0.999126
12.5 0.999195
13 0.999204
13.5 0.999247
14 0.999281
14.5 0.999307
15 0.999368
15.5 0.999411
16 0.999455
17 0.999489
18 0.999533
19 0.999584
20 0.999602
21 0.99961
23 0.999654
24 0.999671
25 0.999732
26 0.99974
27 0.999758
28 0.999792
29 0.999827
30 0.999836
31 0.999853
32 0.999861
34 0.999879
36 0.999887
38 0.999905
40 0.999931
44 0.999948
54 0.999957
60 0.999965
64 0.999991
88 1
