0 0.330989
0.0078125 0.359557
0.015625 0.499754
0.0234375 0.52169
0.03125 0.73491
0.0390625 0.738098
0.046875 0.765482
0.0546875 0.766976
0.0625 0.869076
0.0703125 0.869641
0.078125 0.876455
0.0859375 0.88183
0.09375 0.886166
0.101562 0.893345
0.109375 0.898355
0.117188 0.9073
0.125 0.908357
0.132812 0.90843
0.140625 0.908958
0.148438 0.909068
0.15625 0.913459
0.164062 0.91754
0.171875 0.920983
0.179688 0.921056
0.1875 0.925793
0.195312 0.925957
0.203125 0.934447
0.210938 0.936943
0.21875 0.940241
0.226562 0.940532
0.234375 0.947583
0.242188 0.947674
0.25 0.947784
0.265625 0.947857
0.28125 0.950608
0.296875 0.950699
0.3125 0.950917
0.328125 0.956019
0.34375 0.956146
0.359375 0.956292
0.375 0.961557
0.390625 0.961685
0.40625 0.961849
0.421875 0.968681
0.4375 0.96879
0.453125 0.969064
0.46875 0.969191
0.484375 0.969264
0.5 0.969446
0.53125 0.96961
0.5625 0.972252
0.59375 0.972325
0.625 0.97258
0.65625 0.972653
0.6875 0.972762
0.71875 0.972872
0.75 0.97309
0.78125 0.976625
0.8125 0.976862
0.84375 0.980997
0.875 0.981088
0.90625 0.981216
0.9375 0.98138
0.96875 0.981489
1 0.981908
1.0625 0.981945
1.125 0.982109
1.1875 0.982218
1.25 0.982273
1.3125 0.987137
1.375 0.987247
1.4375 0.987301
1.5 0.98741
1.5625 0.990362
1.6875 0.990526
1.75 0.990617
1.8125 0.99069
1.875 0.990708
1.9375 0.990745
2 0.990963
2.125 0.991036
2.25 0.991054
2.375 0.991091
2.5 0.991127
2.625 0.994024
2.875 0.994061
3 0.994079
3.125 0.99437
3.25 0.994388
3.375 0.994443
3.5 0.99448
3.625 0.994498
3.75 0.994516
3.875 0.994571
4 0.996374
4.25 0.996411
4.5 0.996465
4.75 0.996575
5 0.996629
5.25 0.996666
5.75 0.996684
6 0.996702
6.25 0.996739
6.5 0.996775
6.75 0.996793
7.25 0.99683
7.5 0.996866
7.75 0.996957
8 0.999235
8.5 0.999253
9.5 0.999326
11 0.999381
11.5 0.999399
12.5 0.99949
13 0.999508
13.5 0.999526
14 0.999581
14.5 0.999599
15 0.999636
15.5 0.999654
16 0.999672
17 0.999708
18 0.999745
25 0.999891
50 0.999909
68 0.999927
72 0.999964
128 1
