0 0.33866
0.0078125 0.366215
0.015625 0.508985
0.0234375 0.531177
0.03125 0.73807
0.0390625 0.741462
0.046875 0.767542
0.0546875 0.768537
0.0625 0.868455
0.0703125 0.868878
0.078125 0.877007
0.0859375 0.881283
0.09375 0.885614
0.101562 0.893835
0.109375 0.900028
0.117188 0.907898
0.125 0.908838
0.132812 0.908875
0.140625 0.909483
0.148438 0.909557
0.15625 0.912838
0.164062 0.917243
0.171875 0.922459
0.179688 0.922588
0.1875 0.92679
0.195312 0.926901
0.203125 0.934255
0.210938 0.938199
0.21875 0.941701
0.226562 0.941886
0.234375 0.948908
0.242188 0.948963
0.25 0.949111
0.265625 0.949221
0.28125 0.951009
0.296875 0.951083
0.3125 0.951212
0.328125 0.955377
0.34375 0.955506
0.359375 0.95558
0.375 0.959764
0.390625 0.960022
0.40625 0.960114
0.421875 0.967634
0.4375 0.967708
0.453125 0.968058
0.46875 0.968224
0.484375 0.968335
0.5 0.968574
0.53125 0.968814
0.5625 0.971579
0.59375 0.971689
0.625 0.971947
0.65625 0.972058
0.6875 0.97215
0.71875 0.972224
0.75 0.972297
0.78125 0.976389
0.8125 0.976537
0.84375 0.979357
0.875 0.979541
0.90625 0.979652
0.9375 0.979707
0.96875 0.979799
1 0.979983
1.0625 0.980002
1.125 0.98037
1.1875 0.980463
1.25 0.980518
1.3125 0.985845
1.375 0.985937
1.4375 0.986029
1.5 0.986121
1.5625 0.989973
1.625 0.990065
1.6875 0.990194
1.75 0.990231
1.8125 0.990287
1.875 0.99036
1.9375 0.990397
2 0.990876
2.125 0.990913
2.25 0.99095
2.375 0.990987
2.5 0.991024
2.625 0.993586
2.75 0.99366
2.875 0.993678
3 0.993733
3.125 0.993807
3.375 0.993825
3.5 0.993881
3.625 0.993918
3.875 0.99401
4 0.996258
4.5 0.996277
4.75 0.996351
5 0.996406
5.25 0.996424
5.5 0.996443
5.75 0.996461
6 0.996498
6.25 0.996516
6.5 0.996572
7.25 0.99659
7.5 0.996627
7.75 0.996664
8 0.9993
8.5 0.999318
9 0.999392
9.5 0.99941
10.5 0.999447
11 0.999484
11.5 0.999502
12 0.999521
12.5 0.999595
13 0.999613
13.5 0.999631
14.5 0.99965
15.5 0.999705
16 0.99976
17 0.999779
19 0.999797
25 0.999926
34 0.999945
64 0.999982
128 1
