0 0.338436
0.0078125 0.366592
0.015625 0.5028
0.0234375 0.525572
0.03125 0.732431
0.0390625 0.735356
0.046875 0.76188
0.0546875 0.76258
0.0625 0.863847
0.0703125 0.864331
0.078125 0.871205
0.0859375 0.874686
0.09375 0.880267
0.101562 0.887625
0.109375 0.892273
0.117188 0.899612
0.125 0.90033
0.132812 0.900402
0.140625 0.901263
0.15625 0.905911
0.164062 0.911169
0.171875 0.917145
0.179688 0.917199
0.1875 0.922583
0.195312 0.92269
0.203125 0.929635
0.210938 0.933207
0.21875 0.937137
0.226562 0.937316
0.234375 0.946127
0.242188 0.946827
0.25 0.946989
0.265625 0.947096
0.28125 0.94864
0.296875 0.948765
0.3125 0.948981
0.328125 0.952785
0.34375 0.952839
0.359375 0.952965
0.375 0.956895
0.390625 0.956984
0.40625 0.957128
0.421875 0.964181
0.4375 0.96427
0.453125 0.964486
0.46875 0.964557
0.484375 0.965527
0.5 0.965688
0.53125 0.965885
0.5625 0.968846
0.59375 0.969026
0.625 0.969223
0.65625 0.969367
0.6875 0.969457
0.71875 0.969564
0.75 0.969672
0.78125 0.973656
0.8125 0.973853
0.84375 0.976671
0.875 0.976832
0.90625 0.977012
0.9375 0.977101
0.96875 0.977119
1 0.977407
1.0625 0.977496
1.125 0.977801
1.1875 0.977891
1.25 0.977981
1.3125 0.981606
1.375 0.981695
1.4375 0.982629
1.5 0.98279
1.5625 0.986954
1.625 0.987025
1.6875 0.987115
1.75 0.987187
1.8125 0.987205
1.875 0.987223
1.9375 0.987259
2 0.987582
2.125 0.987618
2.25 0.987635
2.375 0.987833
2.5 0.987869
2.625 0.992212
2.75 0.99223
2.875 0.992929
3 0.992983
3.125 0.993055
3.25 0.993091
3.5 0.993127
3.625 0.993163
3.75 0.993181
3.875 0.993252
4 0.995801
4.25 0.995855
4.5 0.995908
4.75 0.99598
5 0.995998
5.25 0.996016
5.5 0.996106
5.75 0.996124
6.25 0.99616
6.5 0.996178
6.75 0.996231
7 0.996267
7.25 0.996285
7.5 0.996303
7.75 0.996321
8 0.9986
8.5 0.998672
9 0.99869
9.5 0.99878
10 0.998798
11 0.998816
11.5 0.998834
12 0.998851
12.5 0.998869
13 0.998887
14.5 0.998905
15 0.998923
15.5 0.999354
16 0.999372
17 0.99939
19 0.999444
25 0.999569
31 0.99991
34 0.999928
72 0.999964
128 1
