0 0.338854
0.0078125 0.366058
0.015625 0.509092
0.0234375 0.532105
0.03125 0.738803
0.0390625 0.74232
0.046875 0.769196
0.0546875 0.77069
0.0625 0.870577
0.0703125 0.87147
0.078125 0.877938
0.0859375 0.882038
0.09375 0.886629
0.101562 0.892242
0.109375 0.896706
0.117188 0.903666
0.125 0.904759
0.132812 0.904796
0.140625 0.905433
0.148438 0.905452
0.15625 0.909096
0.164062 0.912485
0.171875 0.917113
0.179688 0.91715
0.1875 0.922944
0.195312 0.923017
0.203125 0.928483
0.210938 0.932492
0.21875 0.936919
0.226562 0.937156
0.234375 0.94439
0.242188 0.944426
0.25 0.944736
0.265625 0.944827
0.28125 0.948817
0.296875 0.948945
0.3125 0.949237
0.328125 0.954685
0.34375 0.95483
0.359375 0.95494
0.375 0.958748
0.390625 0.958967
0.40625 0.959094
0.421875 0.968806
0.4375 0.968933
0.453125 0.969261
0.46875 0.969389
0.484375 0.969535
0.5 0.969735
0.53125 0.969826
0.5625 0.971047
0.59375 0.971247
0.625 0.971375
0.65625 0.97143
0.6875 0.971502
0.71875 0.971539
0.75 0.971721
0.78125 0.97573
0.8125 0.975894
0.84375 0.978663
0.875 0.978736
0.90625 0.978809
0.9375 0.9789
0.96875 0.978973
1 0.979465
1.0625 0.979593
1.125 0.979902
1.1875 0.979957
1.25 0.98003
1.3125 0.982909
1.375 0.983055
1.4375 0.9832
1.5 0.98331
1.5625 0.988484
1.625 0.988557
1.6875 0.988648
1.75 0.988758
1.8125 0.988794
1.875 0.988831
1.9375 0.988885
2 0.989268
2.125 0.989286
2.25 0.989304
2.375 0.989414
2.5 0.989432
2.625 0.994242
2.75 0.99426
2.875 0.994297
3 0.994333
3.125 0.994479
3.375 0.994516
3.625 0.994625
3.75 0.994661
3.875 0.994734
4 0.997431
4.25 0.997486
4.5 0.997558
4.75 0.997613
5 0.997631
5.25 0.99765
5.5 0.997722
5.75 0.997759
6 0.997777
6.25 0.997795
6.5 0.997868
6.75 0.997886
7 0.997905
7.5 0.997923
7.75 0.997959
8 0.999034
8.5 0.999107
9 0.999144
9.5 0.999235
10 0.999253
11 0.999289
12.5 0.999399
13.5 0.999417
14 0.999453
15 0.999472
15.5 0.999526
16 0.999617
17 0.999636
19 0.999654
25 0.9998
34 0.999818
64 0.999909
72 0.999945
128 1
