0 0.0967806
0.0078125 0.101789
0.015625 0.140385
0.0234375 0.152025
0.03125 0.216428
0.0390625 0.222416
0.046875 0.264519
0.0546875 0.270048
0.0625 0.333839
0.0703125 0.343809
0.078125 0.377045
0.0859375 0.378132
0.09375 0.445537
0.101562 0.447972
0.109375 0.475893
0.117188 0.482678
0.125 0.556868
0.132812 0.556898
0.140625 0.591389
0.148438 0.59142
0.15625 0.62219
0.164062 0.629235
0.171875 0.630384
0.179688 0.630399
0.1875 0.666207
0.195312 0.667448
0.203125 0.669408
0.210938 0.676408
0.21875 0.706105
0.226562 0.706181
0.234375 0.710347
0.25 0.753063
0.257812 0.75314
0.265625 0.753186
0.273438 0.754579
0.28125 0.786038
0.296875 0.786084
0.304688 0.787646
0.3125 0.790066
0.328125 0.795503
0.34375 0.797448
0.351562 0.799884
0.359375 0.799899
0.375 0.813499
0.382812 0.813698
0.390625 0.814801
0.40625 0.816976
0.421875 0.818845
0.429688 0.819212
0.4375 0.819626
0.445312 0.819656
0.453125 0.819718
0.46875 0.824848
0.484375 0.824864
0.492188 0.827299
0.5 0.839843
0.507812 0.844545
0.515625 0.845372
0.53125 0.845433
0.539062 0.845448
0.546875 0.848282
0.5625 0.850671
0.585938 0.85352
0.59375 0.853566
0.601562 0.856154
0.609375 0.857915
0.625 0.8715
0.632812 0.871929
0.65625 0.872925
0.664062 0.87294
0.679688 0.873017
0.6875 0.873553
0.703125 0.877106
0.710938 0.877458
0.71875 0.877565
0.726562 0.877596
0.742188 0.877611
0.75 0.890936
0.765625 0.891778
0.773438 0.89354
0.78125 0.894306
0.796875 0.894367
0.8125 0.89645
0.820312 0.898242
0.84375 0.899881
0.875 0.912302
0.890625 0.912348
0.898438 0.912363
0.90625 0.91244
0.914062 0.912884
0.929688 0.912899
0.9375 0.916422
0.96875 0.916452
0.976562 0.916483
0.984375 0.917126
1 0.929593
1.01562 0.929609
1.03125 0.929639
1.03906 0.929654
1.05469 0.931094
1.0625 0.931232
1.07812 0.931263
1.09375 0.931309
1.125 0.943852
1.13281 0.943898
1.14844 0.943944
1.17188 0.943975
1.1875 0.944005
1.19531 0.944021
1.20312 0.944051
1.21875 0.944097
1.25 0.944235
1.25781 0.94425
1.26562 0.945277
1.3125 0.948815
1.35938 0.948937
1.36719 0.949136
1.375 0.949197
1.40625 0.949305
1.42188 0.949335
1.4375 0.949412
1.45312 0.949427
1.47656 0.952307
1.5 0.953226
1.54688 0.953271
1.5625 0.953639
1.58594 0.9537
1.59375 0.953746
1.61719 0.953762
1.625 0.953823
1.6875 0.957774
1.69531 0.95779
1.71875 0.957805
1.75 0.957897
1.75781 0.957912
1.78125 0.957989
1.8125 0.958127
1.85938 0.958142
1.875 0.958203
1.89844 0.960883
1.9375 0.960991
1.95312 0.961006
1.96875 0.962783
2 0.962829
2.03125 0.962844
2.03906 0.962905
2.0625 0.962936
2.07812 0.962951
2.10938 0.964253
2.125 0.964284
2.17969 0.964299
2.1875 0.964314
2.25 0.964682
2.26562 0.964697
2.34375 0.965555
2.375 0.965585
2.39062 0.965601
2.40625 0.965616
2.4375 0.965647
2.5 0.965739
2.53125 0.968771
2.625 0.968863
2.67188 0.968878
2.71875 0.968909
2.73438 0.968924
2.75 0.968955
2.8125 0.969016
2.84375 0.969031
2.875 0.969077
2.90625 0.969093
2.95312 0.969123
2.96875 0.969169
3 0.969292
3.0625 0.969307
3.125 0.970762
3.1875 0.970777
3.23438 0.970793
3.25 0.970839
3.28125 0.970854
3.375 0.973014
3.39062 0.973029
3.5 0.973136
3.5625 0.973167
3.59375 0.973182
3.625 0.973228
3.65625 0.973259
3.75 0.97332
3.79688 0.974423
3.875 0.974453
3.90625 0.97453
3.9375 0.976
4 0.976153
4.0625 0.976184
4.07812 0.976199
4.125 0.976215
4.15625 0.976245
4.21875 0.976276
4.25 0.976306
4.3125 0.976337
4.35938 0.976352
4.375 0.976383
4.5 0.976628
4.53125 0.976643
4.59375 0.976689
4.6875 0.979507
4.75 0.979569
4.78125 0.979584
4.8125 0.979599
4.875 0.97963
5 0.979707
5.03125 0.979737
5.0625 0.979752
5.25 0.980978
5.3125 0.980993
5.34375 0.981008
5.4375 0.981054
5.46875 0.982096
5.5 0.982172
5.625 0.982188
5.75 0.982203
5.8125 0.982249
5.90625 0.982356
5.9375 0.982372
6 0.982586
6.1875 0.982601
6.25 0.984454
6.46875 0.98447
6.5 0.984485
6.5625 0.986951
6.75 0.987058
7 0.987119
7.03125 0.988054
7.125 0.988069
7.25 0.988146
7.3125 0.988176
7.4375 0.988192
7.5 0.988207
7.59375 0.988222
7.75 0.988237
7.875 0.990719
8 0.990994
8.3125 0.99101
8.75 0.991025
9 0.991102
9.375 0.991117
9.5 0.991147
9.625 0.991163
10.125 0.991193
10.5 0.992066
10.6875 0.992082
10.875 0.992097
10.9375 0.992128
11.375 0.992143
11.5 0.992158
11.625 0.992174
11.8125 0.993154
12 0.994088
12.5 0.994119
13 0.994134
13.5 0.994211
13.75 0.994226
14 0.994257
14.0625 0.994272
14.25 0.994287
15 0.994333
15.5 0.994348
15.75 0.994364
16 0.99614
16.25 0.996156
17 0.996186
18 0.996217
19 0.996248
19.125 0.996263
20 0.996401
20.25 0.996416
21 0.996431
21.25 0.996447
21.375 0.996477
22 0.996493
22.5 0.996523
22.75 0.996539
23.625 0.996569
23.75 0.996585
24 0.997825
24.5 0.99784
25 0.997856
25.5 0.997871
25.875 0.997886
28 0.998698
28.5 0.998713
30 0.998744
30.375 0.998759
31 0.99879
31.5 0.998805
32 0.998851
32.625 0.998867
33.25 0.998882
34 0.998897
34.5 0.998913
36 0.998989
37.5 0.999004
38 0.999066
42 0.999081
42.75 0.999096
43.75 0.999112
44 0.999142
45 0.999173
45.5 0.999188
46.5 0.999204
47.25 0.999234
47.5 0.99925
48 0.999265
50 0.999295
50.75 0.999311
54 0.999326
56 0.999341
58 0.999357
59.5 0.999372
62 0.999403
62.5 0.999571
64 0.999617
96 0.999632
102 0.999648
112 0.999678
114 0.99974
128 0.999755
144 0.999801
152 0.999816
190 0.999847
192 0.999862
228 0.999893
266 0.999939
304 0.999954
306 0.999969
342 0.999985
864 1
