0 0.0997472
0.0078125 0.10186
0.015625 0.115686
0.0234375 0.118972
0.03125 0.16194
0.0390625 0.16423
0.046875 0.178298
0.0546875 0.180113
0.0625 0.224421
0.0703125 0.227535
0.078125 0.237903
0.0859375 0.238287
0.09375 0.284415
0.101562 0.285027
0.109375 0.295304
0.117188 0.298615
0.125 0.341745
0.140625 0.35276
0.148438 0.352765
0.15625 0.386685
0.164062 0.388237
0.171875 0.388414
0.1875 0.47156
0.195312 0.471722
0.203125 0.472536
0.210938 0.474285
0.21875 0.508159
0.226562 0.508204
0.234375 0.50921
0.25 0.542342
0.257812 0.543201
0.265625 0.543221
0.273438 0.543373
0.28125 0.576898
0.296875 0.576903
0.304688 0.576979
0.3125 0.57795
0.328125 0.579825
0.34375 0.580184
0.351562 0.580937
0.359375 0.580962
0.375 0.62935
0.382812 0.629416
0.390625 0.629497
0.398438 0.629507
0.40625 0.629835
0.421875 0.631291
0.429688 0.631412
0.4375 0.631903
0.445312 0.631908
0.453125 0.631933
0.46875 0.632358
0.484375 0.632368
0.492188 0.632888
0.5 0.63302
0.507812 0.633844
0.515625 0.633889
0.53125 0.6339
0.539062 0.633905
0.546875 0.634723
0.5625 0.683455
0.585938 0.684198
0.59375 0.684218
0.601562 0.684723
0.609375 0.685239
0.625 0.685628
0.632812 0.686629
0.65625 0.687317
0.664062 0.687332
0.679688 0.687357
0.6875 0.687726
0.703125 0.688191
0.710938 0.689308
0.71875 0.689339
0.726562 0.689349
0.742188 0.689354
0.75 0.736978
0.765625 0.737595
0.773438 0.738065
0.78125 0.738419
0.796875 0.738434
0.8125 0.738818
0.820312 0.740441
0.84375 0.74132
0.859375 0.741341
0.875 0.741366
0.890625 0.741386
0.90625 0.741411
0.914062 0.742119
0.9375 0.790208
0.96875 0.790228
0.984375 0.790512
1 0.790557
1.01562 0.790577
1.03125 0.790592
1.03906 0.790603
1.05469 0.791457
1.0625 0.791487
1.07812 0.791507
1.09375 0.791518
1.125 0.839991
1.13281 0.840026
1.14844 0.840451
1.17188 0.840471
1.1875 0.840517
1.19531 0.840522
1.21094 0.840532
1.21875 0.840542
1.25 0.840592
1.25781 0.840598
1.26562 0.840987
1.3125 0.8899
1.32812 0.889915
1.33594 0.88992
1.35938 0.88995
1.36719 0.889956
1.375 0.889986
1.40625 0.890021
1.42188 0.890031
1.4375 0.890062
1.45312 0.890077
1.47656 0.890168
1.5 0.937751
1.54688 0.937757
1.5625 0.938601
1.58594 0.938626
1.59375 0.938651
1.61719 0.938661
1.625 0.938687
1.64062 0.938702
1.6875 0.987979
1.71875 0.987989
1.75 0.987999
1.78125 0.988009
1.79688 0.988014
1.8125 0.988055
1.82812 0.98809
1.85938 0.9881
1.875 0.988146
1.89844 0.988565
1.9375 0.98857
1.96875 0.988591
2 0.988621
2.03906 0.988646
2.0625 0.988656
2.07812 0.988661
2.10938 0.988843
2.125 0.988879
2.15625 0.988889
2.1875 0.988899
2.25 0.989314
2.26562 0.989319
2.29688 0.989329
2.34375 0.989541
2.375 0.989576
2.39062 0.989586
2.42188 0.989607
2.4375 0.989622
2.5 0.989652
2.53125 0.989849
2.625 0.989885
2.65625 0.989895
2.67188 0.9899
2.71875 0.989915
2.73438 0.98992
2.75 0.989945
2.8125 0.98995
2.84375 0.989956
2.875 0.989981
2.90625 0.989986
2.95312 0.990006
3 0.990077
3.0625 0.990092
3.09375 0.990097
3.125 0.990314
3.17188 0.990319
3.1875 0.99034
3.23438 0.990345
3.25 0.99036
3.28125 0.99037
3.375 0.990623
3.39062 0.990633
3.4375 0.990643
3.5 0.990694
3.51562 0.990699
3.5625 0.990714
3.59375 0.990724
3.625 0.990744
3.71875 0.990759
3.75 0.990815
3.79688 0.991462
3.875 0.991507
3.90625 0.991831
3.9375 0.992149
4 0.992215
4.0625 0.99222
4.07812 0.992225
4.125 0.99223
4.15625 0.99224
4.21875 0.992245
4.25 0.992271
4.3125 0.992276
4.375 0.992291
4.5 0.992362
4.53125 0.992377
4.6875 0.992463
4.75 0.992488
4.78125 0.992493
4.8125 0.992498
4.875 0.992503
5 0.992539
5.0625 0.992564
5.25 0.992614
5.34375 0.99262
5.4375 0.99263
5.46875 0.99309
5.5 0.993095
5.625 0.99311
5.6875 0.993115
5.75 0.99313
5.8125 0.993135
5.90625 0.993145
6 0.993191
6.125 0.993206
6.1875 0.993221
6.25 0.993575
6.34375 0.99359
6.375 0.9936
6.46875 0.993605
6.5 0.993626
6.5625 0.993651
6.75 0.993691
6.78125 0.993696
7 0.993742
7.03125 0.994065
7.125 0.994075
7.25 0.994101
7.3125 0.994111
7.4375 0.994116
7.5 0.994131
7.59375 0.994146
7.75 0.994171
7.8125 0.994217
7.875 0.994247
8 0.994672
8.125 0.994677
8.15625 0.994697
8.25 0.994702
8.3125 0.994722
8.4375 0.994733
8.5 0.994748
8.71875 0.994758
8.75 0.994768
9 0.994803
9.0625 0.994813
9.1875 0.995496
9.375 0.995526
9.5 0.995557
9.625 0.995567
9.6875 0.995572
9.75 0.995587
10 0.995627
10.125 0.995637
10.5 0.996527
10.625 0.996532
10.6875 0.996537
10.875 0.996542
11 0.996563
11.25 0.996583
11.5 0.996598
11.625 0.996603
11.8125 0.997119
11.875 0.997124
12 0.99721
12.5 0.99724
12.75 0.99725
13 0.99726
13.125 0.99727
13.5 0.997285
13.5625 0.997296
14 0.997301
14.25 0.997316
14.375 0.997321
14.5 0.997331
14.625 0.997346
15 0.997376
15.1875 0.997381
15.5 0.997392
15.75 0.997407
16 0.99773
16.5 0.997756
16.875 0.997761
17 0.997801
17.25 0.997806
17.4375 0.997811
17.5 0.997821
18 0.997841
18.375 0.997852
18.75 0.997862
19 0.997882
19.25 0.997887
19.375 0.997897
19.5 0.997902
20 0.998064
20.25 0.998084
21 0.998135
21.25 0.99814
21.75 0.998145
22.5 0.99816
23 0.998175
23.25 0.9982
23.625 0.99821
23.75 0.998226
24 0.998276
24.75 0.998281
25 0.998291
25.875 0.998296
26.25 0.998312
28 0.99865
28.5 0.998665
28.75 0.998681
29 0.998686
29.75 0.998691
30 0.998706
31.25 0.998711
32 0.998756
32.625 0.998762
33 0.998777
33.25 0.998787
34 0.998827
34.5 0.998842
34.875 0.998847
36 0.998969
36.25 0.998974
36.75 0.998984
37.5 0.999034
38 0.999045
38.5 0.999055
39 0.99906
40.5 0.99907
42 0.99909
43.75 0.9991
44 0.999115
45 0.999125
45.5 0.999131
46 0.999141
46.5 0.999146
47.25 0.999156
47.5 0.999161
48 0.999171
49 0.999176
50 0.999186
51 0.999196
52 0.999211
52.5 0.999227
54 0.999232
57 0.999237
58.5 0.999247
60 0.999257
62 0.999262
63 0.999272
64 0.999277
65.25 0.999282
66.5 0.999287
68 0.999343
70 0.999358
72 0.999378
75 0.999383
76 0.999388
78 0.999393
80 0.999403
81 0.999429
84 0.999434
85 0.999439
87.5 0.999449
90 0.999454
92 0.999459
93 0.999464
94.5 0.999474
96 0.999479
100 0.999489
102 0.999525
103.5 0.99953
104 0.99954
108 0.999545
110 0.99955
112 0.99956
114 0.999565
116 0.999575
119 0.99958
120 0.999585
125 0.999591
126 0.999601
128 0.999611
130.5 0.999616
132 0.999621
136 0.999656
140 0.999661
144 0.999676
147 0.999682
150 0.999692
152 0.999697
154 0.999702
156 0.999707
161 0.999712
170 0.999747
171 0.999752
189 0.999757
192 0.999767
200 0.999773
203 0.999778
204 0.999823
208 0.999828
210 0.999833
216 0.999838
234 0.999843
238 0.999889
240 0.999894
243 0.999899
272 0.999924
279 0.999929
306 0.999955
320 0.99996
342 0.999965
378 0.99997
448 0.99998
480 0.999985
576 0.99999
648 1
