0 0.100027
0.0078125 0.102354
0.015625 0.116555
0.0234375 0.11982
0.03125 0.142061
0.0390625 0.215713
0.046875 0.227887
0.0546875 0.230056
0.0625 0.251702
0.0703125 0.255435
0.078125 0.33508
0.0859375 0.335417
0.09375 0.355715
0.101562 0.356473
0.109375 0.364724
0.117188 0.438355
0.125 0.4567
0.132812 0.456716
0.140625 0.46681
0.148438 0.46682
0.15625 0.548818
0.164062 0.551045
0.171875 0.552209
0.179688 0.55222
0.1875 0.564788
0.195312 0.636561
0.203125 0.637377
0.210938 0.639515
0.21875 0.649782
0.226562 0.64983
0.234375 0.721587
0.25 0.731586
0.257812 0.732739
0.265625 0.732744
0.273438 0.804306
0.28125 0.814726
0.296875 0.814742
0.304688 0.816706
0.3125 0.888537
0.328125 0.890248
0.34375 0.890316
0.351562 0.962215
0.359375 0.962231
0.375 0.963158
0.382812 0.963232
0.390625 0.964306
0.398438 0.964316
0.40625 0.964516
0.421875 0.965643
0.429688 0.965796
0.4375 0.96627
0.445312 0.966275
0.453125 0.966291
0.46875 0.967586
0.484375 0.967602
0.492188 0.968018
0.5 0.968086
0.507812 0.968824
0.515625 0.969097
0.53125 0.969108
0.539062 0.969118
0.546875 0.969608
0.5625 0.970224
0.585938 0.971209
0.59375 0.971225
0.601562 0.971309
0.609375 0.971709
0.625 0.971788
0.632812 0.971993
0.65625 0.972825
0.679688 0.972862
0.6875 0.972988
0.703125 0.974252
0.710938 0.974336
0.71875 0.974352
0.726562 0.974357
0.742188 0.974368
0.75 0.974473
0.773438 0.974531
0.78125 0.975163
0.796875 0.975179
0.8125 0.97579
0.820312 0.976627
0.84375 0.977901
0.859375 0.977906
0.875 0.977948
0.890625 0.977954
0.898438 0.977964
0.90625 0.978006
0.914062 0.978638
0.929688 0.978644
0.9375 0.980823
0.96875 0.980834
0.976562 0.980892
0.984375 0.981476
1 0.981555
1.01562 0.981561
1.03125 0.981571
1.03906 0.981576
1.05469 0.982693
1.0625 0.982698
1.09375 0.982708
1.125 0.983509
1.13281 0.983525
1.14844 0.983819
1.17188 0.98384
1.1875 0.983862
1.19531 0.983867
1.20312 0.983877
1.21875 0.983893
1.25 0.98393
1.25781 0.983935
1.26562 0.984435
1.3125 0.985294
1.32812 0.985304
1.33594 0.98531
1.35938 0.985325
1.36719 0.985331
1.375 0.985346
1.40625 0.985589
1.42188 0.985594
1.4375 0.98561
1.45312 0.985615
1.47656 0.986505
1.48438 0.98651
1.5 0.986942
1.53125 0.986947
1.54688 0.986952
1.5625 0.987337
1.58594 0.987358
1.59375 0.987368
1.61719 0.987374
1.625 0.987389
1.64062 0.987395
1.6875 0.988558
1.75 0.988574
1.75781 0.988585
1.78125 0.98859
1.79688 0.9886
1.8125 0.988643
1.82812 0.988648
1.85938 0.988658
1.875 0.988716
1.89844 0.989364
1.9375 0.989385
1.95312 0.989401
1.96875 0.989432
2 0.989448
2.03906 0.989485
2.07812 0.989501
2.10938 0.98959
2.125 0.989622
2.15625 0.989627
2.17969 0.989638
2.25 0.989969
2.26562 0.989975
2.29688 0.98999
2.34375 0.990001
2.375 0.990017
2.40625 0.990022
2.4375 0.990033
2.5 0.990091
2.51562 0.990096
2.53125 0.990512
2.625 0.990543
2.65625 0.990549
2.67188 0.990559
2.71875 0.990575
2.73438 0.990585
2.8125 0.990622
2.84375 0.990633
2.875 0.990649
2.90625 0.990654
2.95312 0.990965
2.96875 0.99097
3 0.991012
3.09375 0.991017
3.125 0.991581
3.17188 0.991586
3.1875 0.991591
3.25 0.991602
3.28125 0.991617
3.375 0.992386
3.39062 0.992391
3.4375 0.992397
3.5 0.992407
3.51562 0.992418
3.5625 0.992423
3.59375 0.992428
3.625 0.992455
3.65625 0.99247
3.71875 0.992492
3.75 0.992528
3.79688 0.992881
3.875 0.992902
3.90625 0.992992
3.9375 0.993244
4 0.993276
4.0625 0.993281
4.07812 0.993287
4.125 0.993292
4.21875 0.993313
4.25 0.993329
4.3125 0.993339
4.35938 0.993345
4.375 0.993355
4.5 0.993381
4.53125 0.993387
4.6875 0.993397
4.75 0.993408
4.78125 0.993413
4.875 0.993424
5 0.993439
5.0625 0.99346
5.25 0.993734
5.3125 0.993739
5.34375 0.99375
5.46875 0.993766
5.5 0.993782
5.625 0.993787
5.6875 0.993792
5.75 0.993808
5.90625 0.993818
5.9375 0.993829
6 0.993882
6.125 0.993887
6.1875 0.993892
6.25 0.994424
6.375 0.994429
6.5 0.99444
6.5625 0.994456
6.75 0.994477
6.78125 0.994482
6.875 0.994487
7 0.994508
7.03125 0.995466
7.125 0.995472
7.1875 0.995477
7.3125 0.995482
7.5 0.995493
7.59375 0.995514
7.75 0.995519
7.8125 0.995524
7.875 0.99563
8 0.995961
8.15625 0.995972
8.3125 0.995982
8.5 0.995993
9 0.996009
9.1875 0.996688
9.375 0.996699
9.5 0.99672
9.75 0.996725
10 0.996735
10.125 0.996741
10.5 0.997062
10.625 0.997067
10.875 0.997072
10.9375 0.997083
11 0.997088
11.25 0.997104
11.5 0.997109
11.8125 0.998273
12 0.998989
12.375 0.998994
13 0.999
13.5 0.99901
13.75 0.999015
14 0.999084
14.0625 0.999105
14.25 0.99911
14.5 0.999121
15 0.999136
15.5 0.999142
16 0.999158
16.25 0.999163
16.625 0.999168
16.875 0.999173
17 0.999179
17.4375 0.999184
17.5 0.999189
19 0.9992
20 0.999531
20.25 0.999542
21 0.999547
23.25 0.999558
23.625 0.999563
23.75 0.999574
24 0.999589
24.75 0.999595
25.375 0.9996
25.875 0.999605
26.25 0.99961
27 0.999616
28 0.999626
28.5 0.999637
29.75 0.999642
31 0.999652
31.5 0.999663
32 0.999768
33 0.999774
33.25 0.999779
34 0.999784
35 0.999795
36 0.999816
37.5 0.999821
38.5 0.999826
43.75 0.999832
45 0.999837
45.5 0.999842
47.25 0.999847
48 0.999853
49 0.999858
50 0.999916
54 0.999921
54.25 0.999926
56 0.999932
58.5 0.999937
59.5 0.999942
63 0.999947
64 0.999953
65.25 0.999958
68 0.999963
75 0.999974
98 0.999979
102 0.999984
128 0.999995
144 1
