0 0.102198
0.0078125 0.108595
0.015625 0.152181
0.0234375 0.164608
0.03125 0.236458
0.0390625 0.243077
0.046875 0.289317
0.0546875 0.296231
0.0625 0.369815
0.0703125 0.383642
0.078125 0.415705
0.0859375 0.417106
0.09375 0.493731
0.101562 0.495925
0.109375 0.526587
0.117188 0.53551
0.125 0.601497
0.140625 0.639201
0.148438 0.63922
0.15625 0.677993
0.164062 0.687286
0.171875 0.687525
0.179688 0.687562
0.1875 0.734817
0.195312 0.73513
0.203125 0.737103
0.210938 0.744441
0.21875 0.780984
0.226562 0.781039
0.234375 0.78539
0.25 0.820845
0.257812 0.822044
0.265625 0.822099
0.273438 0.822892
0.28125 0.859637
0.296875 0.859656
0.304688 0.860965
0.3125 0.864855
0.328125 0.867344
0.34375 0.869833
0.351562 0.872304
0.359375 0.872322
0.375 0.874129
0.382812 0.874553
0.390625 0.878314
0.40625 0.879678
0.421875 0.881135
0.429688 0.882462
0.4375 0.882794
0.445312 0.88285
0.453125 0.88296
0.46875 0.889321
0.484375 0.889358
0.492188 0.892142
0.5 0.892308
0.507812 0.899222
0.515625 0.902301
0.53125 0.902338
0.539062 0.902356
0.546875 0.90361
0.5625 0.907021
0.585938 0.908312
0.59375 0.908385
0.601562 0.908625
0.609375 0.909934
0.625 0.911501
0.632812 0.911981
0.65625 0.914175
0.679688 0.914285
0.6875 0.915447
0.703125 0.918858
0.710938 0.920314
0.71875 0.920369
0.742188 0.920388
0.75 0.920609
0.765625 0.924241
0.773438 0.924794
0.78125 0.926085
0.796875 0.926122
0.8125 0.930104
0.820312 0.933183
0.84375 0.933884
0.859375 0.933921
0.875 0.934013
0.890625 0.93405
0.90625 0.934216
0.914062 0.936189
0.9375 0.937903
0.96875 0.937922
0.976562 0.937977
0.984375 0.940171
1 0.940374
1.01562 0.940392
1.03125 0.940485
1.03906 0.940503
1.05469 0.942568
1.0625 0.942642
1.07812 0.94266
1.09375 0.942697
1.125 0.946495
1.13281 0.94655
1.14844 0.946569
1.17188 0.946606
1.1875 0.946679
1.19531 0.946716
1.20312 0.946753
1.21094 0.946772
1.21875 0.946827
1.25 0.946956
1.25781 0.946974
1.26562 0.950275
1.3125 0.954866
1.32812 0.954884
1.35938 0.955013
1.36719 0.955032
1.375 0.955068
1.40625 0.955585
1.42188 0.95564
1.4375 0.955714
1.45312 0.955732
1.47656 0.957797
1.5 0.959032
1.53125 0.959069
1.54688 0.959106
1.5625 0.959235
1.58594 0.959272
1.59375 0.959309
1.61719 0.959346
1.625 0.959383
1.6875 0.962056
1.75 0.962111
1.75781 0.96213
1.8125 0.962185
1.82812 0.962204
1.875 0.96237
1.89844 0.964564
1.9375 0.964582
1.96875 0.964693
2 0.965209
2.03906 0.965356
2.0625 0.965375
2.07812 0.965412
2.10938 0.966518
2.125 0.966592
2.15625 0.966665
2.17969 0.966721
2.1875 0.966776
2.25 0.969855
2.26562 0.969874
2.29688 0.969892
2.34375 0.970814
2.375 0.970888
2.39062 0.970943
2.42188 0.97098
2.4375 0.971035
2.5 0.971146
2.53125 0.9731
2.625 0.974188
2.65625 0.974206
2.73438 0.974225
2.75 0.97428
2.8125 0.974428
2.84375 0.974483
2.95312 0.974538
2.96875 0.974575
3 0.974741
3.0625 0.974778
3.125 0.974852
3.1875 0.97487
3.23438 0.974888
3.25 0.974944
3.28125 0.974999
3.375 0.976548
3.39062 0.976585
3.4375 0.976622
3.5 0.976714
3.51562 0.976751
3.5625 0.976769
3.59375 0.976787
3.625 0.976806
3.65625 0.976824
3.71875 0.976861
3.75 0.976917
3.79688 0.976935
3.90625 0.977377
3.9375 0.978299
4 0.979535
4.0625 0.979572
4.07812 0.97959
4.125 0.979608
4.15625 0.979664
4.21875 0.979701
4.25 0.979756
4.3125 0.979793
4.35938 0.979811
4.375 0.979903
4.5 0.98018
4.53125 0.980217
4.6875 0.98278
4.75 0.982835
4.78125 0.982853
4.875 0.98289
5 0.982946
5.03125 0.982982
5.0625 0.983019
5.25 0.984144
5.34375 0.984162
5.4375 0.984181
5.46875 0.986522
5.5 0.986596
5.625 0.986651
5.6875 0.986688
5.75 0.986725
5.8125 0.986799
5.90625 0.986873
5.9375 0.986891
6 0.98702
6.125 0.987057
6.1875 0.987075
6.25 0.988163
6.34375 0.988182
6.46875 0.9882
6.5 0.988219
6.5625 0.988255
6.75 0.988311
7 0.988366
7.03125 0.989491
7.25 0.989509
7.3125 0.989528
7.5 0.989601
7.875 0.990044
8 0.991261
8.15625 0.991279
8.25 0.991298
8.5 0.991316
8.625 0.991334
8.71875 0.991353
8.75 0.991371
9 0.991445
9.0625 0.991464
9.1875 0.991593
9.375 0.991611
9.5 0.991629
10 0.991666
10.0625 0.991703
10.5 0.993252
10.625 0.99327
10.875 0.993289
11.25 0.993326
11.5 0.993344
11.625 0.993363
11.8125 0.994561
11.875 0.994579
12 0.994782
13 0.994801
13.125 0.994819
13.75 0.994838
14.0625 0.994911
14.25 0.99493
14.5 0.994948
14.625 0.994967
14.875 0.994985
15.1875 0.995004
15.5 0.995022
15.75 0.99504
16 0.996976
16.5 0.996995
17 0.997013
18 0.997032
19 0.99705
20 0.99847
20.25 0.998488
21 0.998543
21.25 0.99858
22 0.998617
22.75 0.998636
23 0.998654
23.25 0.998691
23.625 0.998709
23.75 0.998765
24 0.99882
25 0.998857
25.5 0.998875
27 0.998894
28 0.998968
28.5 0.998986
29.75 0.999004
32 0.999078
33 0.999115
33.25 0.999133
33.75 0.999152
36 0.999207
37.5 0.999428
38 0.999447
38.5 0.999465
39 0.999502
42 0.999521
42.75 0.999558
43.75 0.999576
45 0.999613
47.5 0.999631
50.75 0.99965
54 0.999687
58 0.999705
62 0.99976
64 0.999816
96 0.999834
128 0.999853
144 0.999871
192 0.999908
238 0.999926
306 0.999945
448 0.999963
576 1
