0 0.0998794
0.0078125 0.107062
0.015625 0.154518
0.0234375 0.166202
0.03125 0.238465
0.0390625 0.245126
0.046875 0.289377
0.0546875 0.297154
0.0625 0.368445
0.0703125 0.380129
0.078125 0.41626
0.0859375 0.417628
0.09375 0.490648
0.101562 0.49288
0.109375 0.522855
0.117188 0.529264
0.125 0.593875
0.140625 0.632653
0.148438 0.632671
0.15625 0.667651
0.164062 0.674726
0.171875 0.676148
0.179688 0.676166
0.1875 0.716888
0.195312 0.717663
0.203125 0.720039
0.210938 0.72517
0.21875 0.760383
0.226562 0.760473
0.234375 0.768934
0.242188 0.769186
0.25 0.802996
0.257812 0.80332
0.265625 0.803338
0.273438 0.804094
0.28125 0.839775
0.304688 0.841306
0.3125 0.843286
0.328125 0.848381
0.34375 0.849821
0.351562 0.856014
0.359375 0.856032
0.375 0.858192
0.382812 0.85839
0.390625 0.86001
0.40625 0.861451
0.421875 0.867032
0.429688 0.868472
0.4375 0.868742
0.445312 0.86876
0.453125 0.868832
0.46875 0.87146
0.484375 0.871676
0.492188 0.872198
0.5 0.872414
0.507812 0.876789
0.515625 0.878319
0.53125 0.878355
0.539062 0.878391
0.546875 0.882226
0.5625 0.884368
0.585938 0.886024
0.59375 0.886078
0.601562 0.888347
0.609375 0.891587
0.625 0.8931
0.632812 0.89364
0.65625 0.897978
0.664062 0.898014
0.679688 0.898104
0.6875 0.89886
0.703125 0.902443
0.710938 0.904621
0.71875 0.904657
0.726562 0.904891
0.742188 0.904927
0.75 0.907844
0.765625 0.909068
0.773438 0.90959
0.78125 0.911768
0.796875 0.911804
0.8125 0.913047
0.820312 0.913821
0.84375 0.917151
0.859375 0.917169
0.875 0.917295
0.890625 0.917331
0.898438 0.917349
0.90625 0.917457
0.914062 0.919654
0.9375 0.927197
0.96875 0.927539
0.976562 0.927557
0.984375 0.927899
1 0.927989
1.01562 0.928007
1.03125 0.928043
1.05469 0.932562
1.0625 0.932688
1.07812 0.932706
1.09375 0.93276
1.125 0.932958
1.13281 0.933048
1.14844 0.934074
1.17188 0.934092
1.1875 0.934146
1.19531 0.934182
1.20312 0.9342
1.21094 0.93456
1.25 0.93474
1.25781 0.934794
1.26562 0.938467
1.3125 0.943003
1.32812 0.943021
1.33594 0.943039
1.35938 0.943147
1.375 0.943183
1.40625 0.943273
1.4375 0.943687
1.45312 0.943975
1.47656 0.947522
1.48438 0.94754
1.5 0.947666
1.53125 0.947684
1.5625 0.951519
1.58594 0.951609
1.59375 0.951627
1.61719 0.951681
1.625 0.951789
1.64062 0.951861
1.6875 0.957279
1.69531 0.957513
1.71875 0.957549
1.75 0.957585
1.75781 0.957639
1.78125 0.957711
1.8125 0.957892
1.875 0.958054
1.89844 0.959404
1.9375 0.959494
1.96875 0.96061
2 0.960772
2.03125 0.96079
2.03906 0.96088
2.10938 0.960898
2.125 0.96097
2.15625 0.961006
2.17969 0.961222
2.1875 0.961258
2.25 0.96331
2.26562 0.963328
2.29688 0.963346
2.34375 0.964156
2.375 0.964264
2.39062 0.964301
2.42188 0.964319
2.4375 0.964409
2.5 0.964499
2.51562 0.964517
2.53125 0.964589
2.625 0.964877
2.65625 0.964895
2.71875 0.964913
2.73438 0.964931
2.75 0.965039
2.8125 0.965183
2.875 0.965453
2.95312 0.966641
3 0.966785
3.0625 0.966803
3.09375 0.966821
3.125 0.966929
3.1875 0.966947
3.23438 0.966965
3.25 0.966983
3.28125 0.967019
3.375 0.968207
3.39062 0.968225
3.4375 0.968243
3.5 0.968261
3.51562 0.968279
3.5625 0.968333
3.625 0.968405
3.71875 0.968441
3.75 0.968513
3.79688 0.970709
3.875 0.970782
3.90625 0.9708
3.9375 0.972366
4 0.973806
4.0625 0.973824
4.125 0.97386
4.15625 0.973932
4.21875 0.97395
4.25 0.974022
4.3125 0.974328
4.35938 0.974364
4.375 0.9744
4.5 0.974526
4.6875 0.974598
4.75 0.97467
4.8125 0.974688
4.84375 0.974724
4.875 0.974742
5 0.974778
5.03125 0.974796
5.0625 0.974868
5.25 0.977389
5.3125 0.977407
5.46875 0.978523
5.5 0.978541
5.625 0.978595
5.75 0.978901
5.90625 0.978955
5.9375 0.979027
6 0.979189
6.125 0.979225
6.25 0.981475
6.375 0.981493
6.46875 0.981511
6.5 0.981547
6.5625 0.981727
6.75 0.981853
7 0.981871
7.03125 0.982195
7.125 0.982285
7.1875 0.982465
7.25 0.982501
7.4375 0.982519
7.5 0.982573
7.59375 0.982627
7.75 0.982645
7.8125 0.982825
7.875 0.983401
8 0.985436
8.15625 0.985454
8.25 0.985472
8.3125 0.98549
8.5 0.985526
8.625 0.985724
8.75 0.985742
9 0.985778
9.1875 0.990315
9.375 0.990333
9.5 0.990459
9.6875 0.990495
9.75 0.990513
10 0.990711
10.0625 0.990909
10.5 0.991179
10.625 0.991215
10.6875 0.991233
10.875 0.991251
11.5 0.991467
11.8125 0.994599
11.875 0.994617
12 0.995625
12.9375 0.995787
13.125 0.995805
13.5 0.995823
14 0.995877
14.0625 0.995931
14.5 0.995967
15 0.995985
15.5 0.996093
16 0.996201
16.875 0.996219
17 0.996237
18 0.996309
18.375 0.996327
19 0.996345
19.375 0.996363
19.5 0.996381
20 0.997606
20.125 0.997624
20.25 0.997642
21.25 0.99766
22.5 0.997678
23.25 0.997714
23.75 0.997786
24 0.99784
26.25 0.997858
27 0.997876
28 0.99793
28.125 0.997948
30 0.997984
31 0.9982
31.5 0.998218
32 0.998308
33 0.998326
36 0.99847
38 0.998506
38.25 0.998524
42 0.998542
42.5 0.99856
44 0.998578
45 0.998614
46 0.998632
46.5 0.99874
47.25 0.998758
48 0.998794
49 0.998812
49.5 0.99883
50 0.998848
51.75 0.998866
56 0.998884
56.25 0.998902
57 0.99892
58.5 0.998938
59.5 0.998956
62 0.999082
62.5 0.999118
65.25 0.999136
72 0.999172
77.5 0.99928
93 0.999424
102 0.999442
108.5 0.999532
112.5 0.999712
124 0.999838
139.5 0.999892
144 0.99991
170 0.999928
192 0.999964
216 1
